#Imported=	16.12.2021 13:58:48
#Base:Fit=	16.12.2021 14:11:51
#Base:Fit=	16.12.2021 14:12:09
#Base:Fit=	16.12.2021 14:12:16
#Data Range:Extract=	16.12.2021 14:12:52
#Base:Fit=	16.12.2021 14:14:43
#Base:Edit=	16.12.2021 14:26:41
#Base:Sub=	16.12.2021 14:26:45
100	8.73238
100.5	10.0144
101	11.7967
101.5	13.6491
102	14.9088
102.5	15.2847
103	14.5991
103.5	12.98
104	11.0631
104.5	9.602
105	9.07285
105.5	9.53262
106	10.9348
106.5	12.6807
107	14.145
107.5	14.7474
108	14.4382
108.5	13.1991
109	11.2817
109.5	9.16069
110	7.35252
110.5	6.16319
111	5.68295
111.5	5.97564
112	6.63313
112.5	7.19704
113	7.18295
113.5	6.49248
114	5.14962
114.5	3.52744
115	2.19455
115.5	1.76846
116	2.28224
116.5	3.57285
117	5.28771
117.5	6.81699
118	7.58865
118.5	7.39716
119	6.46049
119.5	5.01141
120	3.49629
120.5	2.3182
121	1.85805
121.5	2.0023
122	2.642
122.5	3.56782
123	4.48132
123.5	5.11135
124	5.38543
124.5	5.39165
125	5.23476
125.5	5.07814
126	5.01722
126.5	5.06721
127	5.12102
127.5	5.10452
128	4.98466
128.5	4.80925
129	4.67812
129.5	4.67375
130	4.78805
130.5	4.98219
131	5.17714
131.5	5.33545
132	5.47652
132.5	5.65639
133	5.8778
133.5	6.05631
134	6.05954
134.5	5.66077
135	4.81481
135.5	3.69707
136	2.56999
136.5	1.72208
137	1.37417
137.5	1.62547
138	2.19439
138.5	2.80025
139	3.22437
139.5	3.40499
140	3.374
140.5	3.33202
141	3.41358
141.5	3.65444
142	3.97093
142.5	4.29214
143	4.59676
143.5	4.98184
144	5.63158
144.5	6.61107
145	7.86083
145.5	9.1944
146	10.2526
146.5	10.7073
147	10.4338
147.5	9.66049
148	8.63589
148.5	7.71638
149	7.16514
149.5	7.05788
150	7.15182
150.5	7.23438
151	7.0995
151.5	6.72609
152	6.1989
152.5	5.75307
153	5.53284
153.5	5.63673
154	6.00627
154.5	6.52582
155	7.03719
155.5	7.40269
156	7.52311
156.5	7.27513
157	6.63987
157.5	5.53197
158	3.98946
158.5	2.28275
159	0.727127
159.5	-0.359505
160	-0.734383
160.5	-0.0893097
161	1.35535
161.5	3.28561
162	5.35692
162.5	7.27983
163	8.8606
163.5	10.0866
164	11.0724
164.5	11.899
165	12.5839
165.5	13.0256
166	13.0222
166.5	12.4958
167	11.4676
167.5	10.2533
168	9.21236
168.5	8.74218
169	8.96878
169.5	9.82861
170	10.9759
170.5	11.9076
171	12.3055
171.5	11.9908
172	11.1167
172.5	9.83168
173	8.41334
173.5	6.99868
174	5.63811
174.5	4.36295
175	3.25552
175.5	2.5329
176	2.26984
176.5	2.41933
177	2.72978
177.5	2.86501
178	2.47363
178.5	1.50042
179	0.249382
179.5	-0.705116
180	-1.01151
180.5	-0.508057
181	0.642723
181.5	1.85322
182	2.50739
182.5	2.4151
183	1.81735
183.5	1.15999
184	0.962143
184.5	1.53347
185	2.80099
185.5	4.08226
186	4.80663
186.5	4.55279
187	3.40015
187.5	1.62326
188	-0.0390778
188.5	-1.08619
189	-1.16514
189.5	-0.567574
190	0.369545
190.5	1.12818
191	1.3261
191.5	0.864418
192	-0.0523148
192.5	-1.11311
193	-2.02286
193.5	-2.61065
194	-2.83695
194.5	-2.75967
195	-2.50723
195.5	-2.09386
196	-1.50993
196.5	-0.783516
197	0.0192719
197.5	0.731361
198	1.25379
198.5	1.54635
199	1.76374
199.5	2.08973
200	2.72578
200.5	3.56208
201	4.29076
201.5	4.53732
202	4.13811
202.5	3.06542
203	1.80849
203.5	0.985123
204	1.16038
204.5	2.14894
205	3.58992
205.5	4.80812
206	5.24732
206.5	4.56555
207	3.29939
207.5	2.11198
208	1.71803
208.5	2.30103
209	3.74613
209.5	5.55189
210	6.9875
210.5	7.65622
211	7.51364
211.5	6.87181
212	6.09277
212.5	5.60233
213	5.59507
213.5	6.10561
214	6.86785
214.5	7.65537
215	8.18446
215.5	8.28181
216	7.79534
216.5	6.90384
217	5.8756
217.5	5.02402
218	4.56046
218.5	4.55982
219	4.95136
219.5	5.35233
220	5.48139
220.5	5.18054
221	4.52206
221.5	3.64069
222	2.79435
222.5	2.16738
223	1.88919
223.5	1.91312
224	2.25009
224.5	2.92464
225	3.86806
225.5	5.01733
226	6.14667
226.5	7.06893
227	7.61042
227.5	7.82574
228	7.85436
228.5	7.92056
229	8.16343
229.5	8.50491
230	8.70517
230.5	8.55115
231	7.87326
231.5	6.8151
232	5.74877
232.5	5.22102
233	5.40658
233.5	6.30605
234	7.68246
234.5	9.04599
235	9.93192
235.5	10.0784
236	9.70383
236.5	9.12217
237	8.79889
237.5	9.08196
238	10.3498
238.5	12.4365
239	15.0161
239.5	17.5427
240	19.5411
240.5	20.5449
241	20.459
241.5	19.5022
242	18.1019
242.5	16.9739
243	16.5311
243.5	17.0309
244	18.1612
244.5	19.5167
245	20.4581
245.5	20.5867
246	19.7618
246.5	18.3422
247	16.763
247.5	15.5412
248	14.9206
248.5	15.0026
249	15.4931
249.5	15.9802
250	16.1426
250.5	15.822
251	15.0611
251.5	13.9445
252	12.7246
252.5	11.5604
253	10.5449
253.5	9.67892
254	8.983
254.5	8.47794
255	8.17545
255.5	8.12344
256	8.26839
256.5	8.55237
257	8.93703
257.5	9.36307
258	9.80976
258.5	10.2467
259	10.6073
259.5	10.7729
260	10.6506
260.5	10.2535
261	9.68396
261.5	9.24103
262	9.3215
262.5	10.3226
263	12.0936
263.5	14.4116
264	16.7757
264.5	18.6733
265	19.5877
265.5	19.3936
266	18.4035
266.5	16.9436
267	15.4618
267.5	14.1958
268	13.2768
268.5	12.6224
269	12.1639
269.5	11.8141
270	11.555
270.5	11.4348
271	11.4701
271.5	11.6683
272	12.0496
272.5	12.5651
273	13.1859
273.5	13.8727
274	14.565
274.5	15.1876
275	15.6698
275.5	15.9699
276	16.0079
276.5	15.8372
277	15.4505
277.5	14.8028
278	13.9264
278.5	12.8486
279	11.7303
279.5	10.8663
280	10.6873
280.5	11.3804
281	12.9523
281.5	15.3197
282	17.9101
282.5	20.1925
283	21.5249
283.5	21.8896
284	21.3983
284.5	20.5443
285	19.8383
285.5	19.7863
286	20.4709
286.5	21.7622
287	23.2171
287.5	24.41
288	25.1094
288.5	25.3532
289	25.4488
289.5	25.8079
290	26.7635
290.5	28.3048
291	30.1668
291.5	31.8265
292	32.8252
292.5	32.7511
293	31.6771
293.5	29.6601
294	27.1168
294.5	24.4357
295	21.8596
295.5	19.5221
296	17.5011
296.5	15.9256
297	14.7953
297.5	14.1671
298	13.9585
298.5	13.9938
299	14.1596
299.5	14.3654
300	14.6147
300.5	15.01
301	15.6011
301.5	16.3237
302	16.9604
302.5	17.2732
303	17.0203
303.5	16.1589
304	14.8886
304.5	13.536
305	12.5181
305.5	12.0345
306	12.2046
306.5	12.763
307	13.4644
307.5	13.9917
308	14.1363
308.5	13.7658
309	13.0519
309.5	12.2343
310	11.6137
310.5	11.3867
311	11.6596
311.5	12.4337
312	13.4398
312.5	14.4146
313	15.1631
313.5	15.6533
314	15.89
314.5	15.9657
315	15.9109
315.5	15.6333
316	15.0874
316.5	14.3004
317	13.4502
317.5	12.8029
318	12.6407
318.5	13.0324
319	13.8053
319.5	14.6164
320	15.1224
320.5	15.2745
321	15.2948
321.5	15.5926
322	16.5444
322.5	18.2661
323	20.438
323.5	22.485
324	23.926
324.5	24.6833
325	24.9348
325.5	25.26
326	26.102
326.5	27.701
327	29.7258
327.5	31.575
328	32.7255
328.5	33.1098
329	32.9455
329.5	32.8998
330	33.547
330.5	35.4031
331	38.1552
331.5	41.1681
332	43.5939
332.5	44.9165
333	44.6949
333.5	43.1487
334	40.7256
334.5	37.9041
335	35.3083
335.5	33.2888
336	32.0746
336.5	31.5317
337	31.5323
337.5	31.7352
338	31.7686
338.5	31.1982
339	29.9045
339.5	28.0593
340	25.971
340.5	24.0837
341	22.7187
341.5	22.0084
342	21.7313
342.5	21.5695
343	21.1348
343.5	20.3044
344	19.0833
344.5	17.7375
345	16.4818
345.5	15.4979
346	14.7738
346.5	14.2705
347	13.9157
347.5	13.7125
348	13.7971
348.5	14.2314
349	14.9899
349.5	15.9222
350	16.6862
350.5	16.8952
351	16.2984
351.5	15.1177
352	13.6657
352.5	12.4222
353	11.6999
353.5	11.7116
354	12.1684
354.5	12.7
355	12.8838
355.5	12.6924
356	12.3074
356.5	12.1048
357	12.3544
357.5	13.2063
358	14.3992
358.5	15.5303
359	16.0735
359.5	16.0031
360	15.4382
360.5	14.7053
361	14.1544
361.5	14.0081
362	14.237
362.5	14.6278
363	14.8963
363.5	14.9149
364	14.7224
364.5	14.4946
365	14.4646
365.5	14.8301
366	15.6591
366.5	16.7915
367	17.9493
367.5	18.7845
368	19.1125
368.5	18.7736
369	18.0115
369.5	17.058
370	16.2175
370.5	15.6796
371	15.5568
371.5	15.7342
372	16.0277
372.5	16.2843
373	16.3903
373.5	16.2768
374	15.8552
374.5	15.1753
375	14.293
375.5	13.406
376	12.7436
376.5	12.513
377	12.6926
377.5	13.082
378	13.3314
378.5	13.1366
379	12.3357
379.5	10.9874
380	9.57256
380.5	8.52479
381	8.12928
381.5	8.34511
382	9.01685
382.5	9.73421
383	10.1714
383.5	10.0023
384	9.29568
384.5	8.23133
385	7.08203
385.5	6.104
386	5.48165
386.5	5.19876
387	5.08817
387.5	4.88784
388	4.37424
388.5	3.52232
389	2.56193
389.5	1.88426
390	1.90335
390.5	2.86164
391	4.62267
391.5	6.96786
392	9.38446
392.5	11.4401
393	12.7437
393.5	13.3606
394	13.3197
394.5	12.7377
395	11.8681
395.5	10.8853
396	9.97054
396.5	9.21362
397	8.61903
397.5	8.03405
398	7.34642
398.5	6.52467
399	5.71976
399.5	5.17415
400	5.13058
400.5	5.59657
401	6.46178
401.5	7.34619
402	7.9908
402.5	8.29137
403	8.46287
403.5	8.72272
404	9.23307
404.5	9.90459
405	10.5154
405.5	10.8139
406	10.7884
406.5	10.6606
407	10.7373
407.5	11.1474
408	11.7916
408.5	12.2914
409	12.2847
409.5	11.6262
410	10.647
410.5	9.97791
411	10.1269
411.5	11.1431
412	12.7588
412.5	14.2123
413	14.8729
413.5	14.252
414	12.6235
414.5	10.4087
415	8.35032
415.5	6.93204
416	6.50459
416.5	6.95422
417	8.10663
417.5	9.80382
418	11.657
418.5	13.3203
419	14.3379
419.5	14.4477
420	13.522
420.5	11.9275
421	10.1888
421.5	8.90836
422	8.3609
422.5	8.57638
423	9.37309
423.5	10.351
424	11.3656
424.5	12.5454
425	14.11
425.5	16.2356
426	18.6436
426.5	20.8137
427	21.848
427.5	21.3981
428	19.2947
428.5	15.9495
429	12.4837
429.5	10.0299
430	9.28158
430.5	10.2677
431	12.8805
431.5	16.1845
432	19.4079
432.5	21.737
433	22.9186
433.5	22.788
434	21.6788
434.5	20.1687
435	18.7407
435.5	17.8157
436	17.6228
436.5	18.4639
437	20.1275
437.5	22.4659
438	25.1508
438.5	27.6651
439	29.4823
439.5	30.2735
440	30.0433
440.5	28.8318
441	27.15
441.5	25.4268
442	24.0733
442.5	23.1788
443	22.695
443.5	22.3812
444	21.9936
444.5	21.4257
445	20.7356
445.5	20.0533
446	19.5581
446.5	19.3222
447	19.3732
447.5	19.6723
448	20.0606
448.5	20.3638
449	20.4138
449.5	20.1408
450	19.4848
450.5	18.5799
451	17.5863
451.5	16.713
452	16.0943
452.5	15.8245
453	15.924
453.5	16.2788
454	16.7851
454.5	17.3051
455	17.7244
455.5	17.9053
456	17.831
456.5	17.517
457	17.0397
457.5	16.5505
458	16.1638
458.5	15.9331
459	15.8091
459.5	15.7604
460	15.7785
460.5	15.9092
461	16.2584
461.5	16.8107
462	17.5036
462.5	18.1666
463	18.6271
463.5	18.735
464	18.5579
464.5	18.2445
465	17.9221
465.5	17.6456
466	17.3762
466.5	17.0147
467	16.5164
467.5	15.8893
468	15.2209
468.5	14.6038
469	14.0647
469.5	13.5306
470	12.9261
470.5	12.2054
471	11.4511
471.5	10.7817
472	10.3288
472.5	10.089
473	9.99057
473.5	9.86285
474	9.57568
474.5	9.10076
475	8.59288
475.5	8.23139
476	8.22725
476.5	8.57937
477	9.2362
477.5	10.0124
478	10.6816
478.5	11.0115
479	10.8921
479.5	10.3413
480	9.44379
480.5	8.47371
481	7.6552
481.5	7.19753
482	7.07602
482.5	7.16443
483	7.18013
483.5	6.90438
484	6.24022
484.5	5.48087
485	5.08545
485.5	5.62509
486	7.06127
486.5	9.13964
487	11.1917
487.5	12.5503
488	12.6533
488.5	11.5776
489	9.80984
489.5	8.00223
490	6.76254
490.5	6.35107
491	6.71632
491.5	7.46211
492	8.33848
492.5	9.14719
493	9.79658
493.5	10.1636
494	10.1659
494.5	9.73021
495	8.77322
495.5	7.54267
496	6.34413
496.5	5.56202
497	5.34264
497.5	5.75139
498	6.57302
498.5	7.51562
499	8.27659
499.5	8.68489
500	8.68087
500.5	8.30615
501	7.82603
501.5	7.54732
502	7.7608
502.5	8.49484
503	9.64452
503.5	10.7985
504	11.5597
504.5	11.4626
505	10.6015
505.5	9.17231
506	7.62137
506.5	6.41778
507	5.94324
507.5	6.28797
508	7.20049
508.5	8.42267
509	9.55817
509.5	10.3135
510	10.4004
510.5	9.91031
511	9.0033
511.5	8.05675
512	7.43925
512.5	7.43719
513	7.95016
513.5	8.64133
514	9.0872
514.5	9.16518
515	9.01231
515.5	9.03685
516	9.59187
516.5	10.8857
517	12.7014
517.5	14.5482
518	15.8019
518.5	16.1291
519	15.4534
519.5	13.8768
520	12.0011
520.5	10.2706
521	9.14698
521.5	8.82506
522	9.47682
522.5	10.8478
523	12.4975
523.5	13.8277
524	14.4137
524.5	14.0652
525	12.9067
525.5	11.584
526	10.7121
526.5	10.6732
527	11.3886
527.5	12.6128
528	13.8223
528.5	14.6388
529	14.7285
529.5	14.2287
530	13.3187
530.5	12.3544
531	11.7061
531.5	11.754
532	12.5612
532.5	13.8688
533	15.2269
533.5	16.0714
534	16.0104
534.5	14.8457
535	13.0706
535.5	11.2731
536	10.1558
536.5	10.032
537	11.0123
537.5	12.5637
538	14.0606
538.5	14.8251
539	14.7604
539.5	13.9304
540	12.6354
540.5	11.2918
541	10.1579
541.5	9.30117
542	8.62532
542.5	8.0237
543	7.4482
543.5	6.99847
544	6.94335
544.5	7.42095
545	8.45509
545.5	9.78519
546	11.0156
546.5	11.7758
547	11.9935
547.5	11.8468
548	11.6512
548.5	11.7043
549	12.096
549.5	12.692
550	13.199
550.5	13.3829
551	13.2152
551.5	12.8802
552	12.5922
552.5	12.4506
553	12.4222
553.5	12.4008
554	12.2994
554.5	12.0943
555	11.7992
555.5	11.4183
556	10.8711
556.5	10.0972
557	9.12788
557.5	8.13879
558	7.44385
558.5	7.29952
559	7.82466
559.5	8.74725
560	9.76537
560.5	10.5383
561	10.905
561.5	10.7478
562	10.1553
562.5	9.18905
563	7.85268
563.5	6.33898
564	4.90348
564.5	3.98373
565	3.89356
565.5	4.84126
566	6.50286
566.5	8.32975
567	9.64758
567.5	10.1141
568	9.65881
568.5	8.47237
569	7.11279
569.5	6.03032
570	5.56425
570.5	5.75259
571	6.58559
571.5	7.75195
572	8.91522
572.5	9.6246
573	9.71796
573.5	9.15147
574	8.14216
574.5	7.12893
575	6.47812
575.5	6.28575
576	6.32683
576.5	6.1923
577	5.60434
577.5	4.59721
578	3.59287
578.5	3.16125
579	3.72032
579.5	5.15507
580	6.72413
580.5	7.57547
581	7.33234
581.5	6.2294
582	4.95432
582.5	4.36023
583	4.91631
583.5	6.57803
584	8.58784
584.5	10.1979
585	10.9319
585.5	10.8903
586	10.4241
586.5	10.0681
587	10.0416
587.5	10.2441
588	10.3406
588.5	10.1379
589	9.69099
589.5	9.28681
590	9.26902
590.5	9.78825
591	10.7701
591.5	12.0567
592	13.348
592.5	14.4586
593	15.2368
593.5	15.6686
594	15.6746
594.5	15.2385
595	14.4462
595.5	13.4362
596	12.4798
596.5	11.799
597	11.6391
597.5	11.9632
598	12.7574
598.5	13.9576
599	15.4505
599.5	17.2442
600	19.3027
600.5	21.552
601	23.8706
601.5	26.0635
602	27.9761
602.5	29.5152
603	30.8349
603.5	32.1348
604	33.5817
604.5	35.1254
605	36.4669
605.5	37.2217
606	37.1439
606.5	36.0762
607	34.5324
607.5	33.0005
608	31.9553
608.5	31.4127
609	31.0669
609.5	30.3402
610	28.8704
610.5	26.5296
611	23.8956
611.5	21.644
612	20.4482
612.5	20.2292
613	20.7029
613.5	21.2915
614	21.5602
614.5	21.3412
615	20.8975
615.5	20.604
616	20.9203
616.5	21.8867
617	23.407
617.5	25.1408
618	26.6278
618.5	27.4131
619	27.2428
619.5	26.1647
620	24.2433
620.5	21.9493
621	19.6844
621.5	17.8645
622	16.6531
622.5	16.2046
623	16.5417
623.5	17.4566
624	18.7484
624.5	20.0065
625	20.8461
625.5	20.776
626	19.8207
626.5	18.1304
627	16.1328
627.5	14.4026
628	13.4255
628.5	13.415
629	14.2382
629.5	15.7777
630	17.641
630.5	19.5443
631	21.1265
631.5	22.1272
632	22.2619
632.5	21.4201
633	19.9368
633.5	18.2775
634	17.0832
634.5	16.7567
635	17.6163
635.5	19.2485
636	21.2138
636.5	22.982
637	24.2511
637.5	24.8679
638	24.892
638.5	24.5042
639	23.7758
639.5	22.8619
640	21.8724
640.5	20.9157
641	20.0481
641.5	19.2745
642	18.5694
642.5	17.9286
643	17.4555
643.5	17.2841
644	17.4583
644.5	17.9062
645	18.2754
645.5	18.2023
646	17.3511
646.5	15.9197
647	14.2876
647.5	13.0507
648	12.5631
648.5	12.9954
649	13.9745
649.5	15.0535
650	15.8666
650.5	16.3839
651	16.6986
651.5	16.9437
652	17.168
652.5	17.3
653	17.271
653.5	17.1159
654	16.9645
654.5	16.9636
655	17.1549
655.5	17.4561
656	17.6861
656.5	17.7373
657	17.6534
657.5	17.6069
658	17.7678
658.5	18.1234
659	18.5024
659.5	18.6199
660	18.4088
660.5	17.9976
661	17.7185
661.5	17.8327
662	18.4318
662.5	19.2534
663	19.8799
663.5	19.8605
664	19.1667
664.5	18.0409
665	16.966
665.5	16.3874
666	16.5383
666.5	17.2997
667	18.1967
667.5	18.7081
668	18.4976
668.5	17.5659
669	16.0634
669.5	14.4714
670	13.1262
670.5	12.2683
671	11.8123
671.5	11.6404
672	11.6055
672.5	11.6446
673	11.7953
673.5	12.062
674	12.3792
674.5	12.5618
675	12.4474
675.5	11.9194
676	11.0047
676.5	9.92798
677	8.91403
677.5	8.13823
678	7.64354
678.5	7.46687
679	7.53793
679.5	7.84946
680	8.39987
680.5	9.04005
681	9.53947
681.5	9.5954
682	9.08205
682.5	7.98517
683	6.6849
683.5	5.61967
684	5.30521
684.5	5.76123
685	6.92082
685.5	8.53086
686	10.2157
686.5	11.6779
687	12.6805
687.5	13.108
688	12.7769
688.5	11.8539
689	10.5725
689.5	9.32479
690	8.50289
690.5	8.41676
691	9.15208
691.5	10.4504
692	12.0084
692.5	13.388
693	14.2705
693.5	14.2942
694	13.5947
694.5	12.3732
695	11.0503
695.5	10.0592
696	9.65753
696.5	9.69727
697	9.73374
697.5	9.26086
698	8.19392
698.5	6.81338
699	5.73868
699.5	5.41913
700	6.01331
700.5	7.18256
701	8.2684
701.5	8.6597
702	8.13752
702.5	6.84225
703	4.95582
703.5	2.87034
704	0.824883
704.5	-0.873108
705	-1.97034
705.5	-2.10535
706	-1.16003
706.5	0.5672
707	2.62541
707.5	4.39258
708	5.54307
708.5	5.98154
709	6.13347
709.5	6.31009
710	6.63864
710.5	6.93194
711	6.84566
711.5	6.20219
712	5.16311
712.5	4.13239
713	3.54626
713.5	3.61283
714	4.28748
714.5	5.12601
715	5.74174
715.5	5.89888
716	5.68794
716.5	5.31797
717	5.04134
717.5	4.92181
718	4.85559
718.5	4.67797
719	4.38816
719.5	4.26376
720	4.67115
720.5	5.94389
721	7.89064
721.5	9.88049
722	10.9533
722.5	10.636
723	8.97205
723.5	6.56546
724	4.49368
724.5	3.50187
725	3.72975
725.5	4.56586
726	5.28521
726.5	5.39388
727	4.93428
727.5	4.304
728	4.02901
728.5	4.35824
729	5.23062
729.5	6.25146
730	7.10593
730.5	7.61422
731	7.7912
731.5	7.67845
732	7.4427
732.5	7.22672
733	7.18987
733.5	7.34425
734	7.5801
734.5	7.61752
735	7.23629
735.5	6.33626
736	5.21871
736.5	4.32114
737	4.14251
737.5	4.61745
738	5.42319
738.5	5.9903
739	5.99947
739.5	5.48236
740	4.9317
740.5	4.86214
741	5.62113
741.5	6.8983
742	8.17075
742.5	8.8112
743	8.72649
743.5	8.06998
744	7.22511
744.5	6.46674
745	5.74817
745.5	4.79124
746	3.40952
746.5	1.63798
747	-0.0193558
747.5	-0.999107
748	-0.734215
748.5	0.606972
749	2.70689
749.5	4.92471
750	6.73103
750.5	7.7373
751	7.95641
751.5	7.50479
752	6.42749
752.5	5.0394
753	3.61496
753.5	2.57549
754	2.20275
754.5	2.69974
755	3.81013
755.5	5.00978
756	5.61726
756.5	5.29959
757	4.04613
757.5	2.16853
758	0.358414
758.5	-0.804253
759	-0.939865
759.5	-0.144173
760	1.40901
760.5	3.19513
761	4.74121
761.5	5.48529
762	5.33755
762.5	4.33228
763	2.82487
763.5	1.44658
764	0.777802
764.5	1.06568
765	2.06262
765.5	3.27679
766	4.08251
766.5	4.18614
767	3.64006
767.5	3.06599
768	3.07973
768.5	4.11588
769	6.00567
769.5	8.36658
770	10.541
770.5	12.0722
771	12.5145
771.5	12.003
772	10.6321
772.5	8.59855
773	6.37221
773.5	4.45756
774	3.37976
774.5	3.3137
775	4.23144
775.5	5.44241
776	6.27091
776.5	6.10855
777	5.20277
777.5	4.08739
778	3.51614
778.5	3.75787
779	4.62184
779.5	5.36642
780	5.41997
780.5	4.54713
781	3.39281
781.5	2.69199
782	3.09877
782.5	4.37023
783	5.90617
783.5	6.85104
784	6.81713
784.5	5.80026
785	4.4716
785.5	3.43439
786	3.18338
786.5	3.57065
787	4.37305
787.5	5.27947
788	6.04436
788.5	6.44208
789	6.27496
789.5	5.45039
790	3.9519
790.5	2.31557
791	1.20391
791.5	1.40016
792	2.81786
792.5	4.97533
793	6.84156
793.5	7.66914
794	7.16719
794.5	6.05505
795	5.19835
795.5	5.34628
796	6.20929
796.5	7.17561
797	7.52936
797.5	7.23045
798	6.73615
798.5	6.74645
799	7.46583
799.5	8.52409
800	9.08096
800.5	8.63565
801	7.22348
801.5	5.75906
802	5.0384
802.5	5.3243
803	5.98976
803.5	6.1084
804	5.17033
804.5	3.48849
805	2.06914
805.5	1.87532
806	3.28864
806.5	5.90214
807	8.51984
807.5	10.1359
808	10.3462
808.5	9.53806
809	8.27569
809.5	7.18468
810	6.48106
810.5	6.15194
811	5.9614
811.5	5.81319
812	5.69578
812.5	5.61143
813	5.49274
813.5	5.19961
814	4.63013
814.5	3.73549
815	2.74
815.5	1.93149
816	1.69161
816.5	2.11896
817	3.23319
817.5	4.76659
818	6.32883
818.5	7.55032
819	8.28033
819.5	8.54088
820	8.37165
820.5	7.95197
821	7.31347
821.5	6.48747
822	5.6161
822.5	4.96446
823	4.83118
823.5	5.33505
824	6.47577
824.5	7.8192
825	8.96991
825.5	9.5797
826	9.70562
826.5	9.48784
827	9.14806
827.5	8.81728
828	8.52844
828.5	8.31
829	8.24552
829.5	8.50839
830	9.04469
830.5	9.67038
831	10.0127
831.5	9.84454
832	9.12128
832.5	8.19004
833	7.48837
833.5	7.40095
834	7.8225
834.5	8.43858
835	8.79482
835.5	8.68156
836	8.10808
836.5	7.36262
837	6.81145
837.5	6.78674
838	7.34754
838.5	8.34196
839	9.46352
839.5	10.2561
840	10.3386
840.5	9.46043
841	7.93454
841.5	6.22382
842	4.97727
842.5	4.57204
843	5.23954
843.5	6.59266
844	8.19335
844.5	9.5456
845	10.3407
845.5	10.3115
846	9.29714
846.5	7.49026
847	5.1818
847.5	3.03237
848	1.62557
848.5	1.50225
849	2.27517
849.5	3.32999
850	3.83704
850.5	3.49204
851	2.47198
851.5	1.5346
852	1.38739
852.5	2.55521
853	4.72109
853.5	7.32895
854	9.7375
854.5	11.5886
855	12.7327
855.5	13.1625
856	13.0431
856.5	12.3927
857	11.3567
857.5	10.1253
858	8.88153
858.5	7.75764
859	6.79626
859.5	6.03937
860	5.523
860.5	5.41231
861	5.84676
861.5	6.75405
862	7.96046
862.5	9.10619
863	9.95407
863.5	10.3691
864	10.5416
864.5	10.5842
865	10.4636
865.5	10.0158
866	8.99012
866.5	7.43694
867	5.75273
867.5	4.61841
868	4.45637
868.5	5.29057
869	6.68775
869.5	7.80655
870	8.08142
870.5	7.49913
871	6.67158
871.5	6.3279
872	6.79316
872.5	7.80772
873	8.6966
873.5	8.88902
874	8.27519
874.5	7.30913
875	6.73821
875.5	7.10029
876	8.32966
876.5	9.87224
877	11.0631
877.5	11.5485
878	11.331
878.5	10.5778
879	9.66065
879.5	8.77563
880	8.10387
880.5	7.78848
881	8.06126
881.5	8.92562
882	10.1475
882.5	11.2667
883	11.832
883.5	11.6301
884	10.7811
884.5	9.84293
885	9.30453
885.5	9.37066
886	9.78685
886.5	10.0643
887	9.78413
887.5	8.88903
888	7.68042
888.5	6.77706
889	6.60614
889.5	7.17753
890	7.90811
890.5	8.06739
891	7.25642
891.5	5.72889
892	4.26299
892.5	3.74531
893	4.60919
893.5	6.71261
894	9.04841
894.5	10.7296
895	11.2675
895.5	10.9353
896	10.243
896.5	9.80004
897	9.85783
897.5	10.5143
898	11.5354
898.5	12.7962
899	14.0673
899.5	14.9883
900	15.0233
900.5	13.8906
901	11.8307
901.5	9.49284
902	7.85267
902.5	7.53249
903	8.75181
903.5	10.6621
904	12.4083
904.5	13.2349
905	13.0669
905.5	12.1226
906	11.0039
906.5	10.109
907	9.64443
907.5	9.42017
908	9.23797
908.5	8.93922
909	8.56229
909.5	8.30504
910	8.43755
910.5	9.08704
911	10.2789
911.5	11.644
912	12.7615
912.5	13.1256
913	12.7118
913.5	11.6637
914	10.4608
914.5	9.6424
915	9.69389
915.5	10.6568
916	12.2207
916.5	13.8127
917	14.7536
917.5	14.5757
918	13.1363
918.5	11.1184
919	9.3703
919.5	8.74161
920	9.37276
920.5	10.983
921	12.624
921.5	13.5972
922	13.4892
922.5	12.8053
923	12.1173
923.5	11.9446
924	12.2909
924.5	12.9036
925	13.4088
925.5	13.6821
926	13.8266
926.5	14.0662
927	14.462
927.5	14.8604
928	15.0267
928.5	14.8275
929	14.3967
929.5	14.0395
930	14.052
930.5	14.4208
931	14.8937
931.5	15.0042
932	14.5022
932.5	13.3376
933	11.8182
933.5	10.5111
934	9.98864
934.5	10.472
935	11.7201
935.5	13.2532
936	14.4118
936.5	14.8562
937	14.5869
937.5	14.1352
938	13.9518
938.5	14.2314
939	14.7161
939.5	14.9517
940	14.6549
940.5	13.9366
941	13.2539
941.5	13.1036
942	13.7217
942.5	15.0002
943	16.48
943.5	17.8455
944	18.9776
944.5	19.918
945	20.5904
945.5	20.8462
946	20.5193
946.5	19.5937
947	18.583
947.5	18.0873
948	18.5716
948.5	19.853
949	21.4461
949.5	22.6722
950	23.226
950.5	23.0515
951	22.5368
951.5	21.814
952	20.7618
952.5	19.2931
953	17.4753
953.5	15.7585
954	14.6282
954.5	14.4811
955	15.0448
955.5	15.879
956	16.5869
956.5	17.1497
957	17.8072
957.5	18.7971
958	19.9732
958.5	20.8508
959	20.9092
959.5	20.0214
960	18.3762
960.5	16.745
961	15.7544
961.5	15.8972
962	16.9609
962.5	18.6408
963	20.3864
963.5	21.7247
964	22.2462
964.5	21.9994
965	21.2471
965.5	20.4135
966	19.9305
966.5	20.0221
967	20.6951
967.5	21.7306
968	23.0952
968.5	24.8434
969	27.0028
969.5	29.4093
970	31.4524
970.5	32.42
971	31.5743
971.5	29.314
972	26.3752
972.5	24.0032
973	23.02
973.5	23.8508
974	25.8004
974.5	27.9548
975	29.3738
975.5	29.8463
976	29.5562
976.5	29.0227
977	28.7501
977.5	29.0266
978	29.8429
978.5	31.0213
979	32.4456
979.5	33.9844
980	35.59
980.5	37.2183
981	38.7945
981.5	40.2329
982	41.493
982.5	42.6588
983	43.9036
983.5	45.4133
984	47.2443
984.5	49.3135
985	51.2984
985.5	52.9329
986	54.1233
986.5	55.2104
987	56.7179
987.5	59.0281
988	61.9746
988.5	64.8997
989	66.8866
989.5	67.4053
990	66.4172
990.5	65.1321
991	64.7868
991.5	66.326
992	69.3736
992.5	72.9008
993	75.4231
993.5	76.1976
994	75.0937
994.5	73.3969
995	72.1814
995.5	72.1304
996	72.7379
996.5	73.0382
997	71.958
997.5	69.2934
998	65.2409
998.5	60.803
999	56.8163
999.5	54.0697
1000	52.5027
1000.5	51.9485
1001	51.9708
1001.5	52.0443
1002	51.8652
1002.5	51.3907
1003	50.7579
1003.5	50.0697
1004	49.2829
1004.5	48.2064
1005	46.6308
1005.5	44.761
1006	43.0453
1006.5	42.0683
1007	41.9325
1007.5	42.3325
1008	42.4994
1008.5	41.9232
1009	40.4357
1009.5	38.7497
1010	37.574
1010.5	37.4482
1011	38.1343
1011.5	39.1665
1012	39.9712
1012.5	40.3504
1013	40.393
1013.5	40.4317
1014	40.6434
1014.5	41.0418
1015	41.471
1015.5	41.8241
1016	42.0594
1016.5	42.1789
1017	42.0978
1017.5	41.7379
1018	41.0926
1018.5	40.2538
1019	39.5027
1019.5	39.0844
1020	39.1642
1020.5	39.5972
1021	40.1929
1021.5	40.7357
1022	41.1868
1022.5	41.7358
1023	42.6912
1023.5	44.2894
1024	46.6439
1024.5	49.2616
1025	51.4866
1025.5	52.5727
1026	52.3169
1026.5	50.7104
1027	48.4193
1027.5	46.1606
1028	44.6182
1028.5	43.9324
1029	44.0547
1029.5	44.807
1030	45.8307
1030.5	46.8882
1031	47.6983
1031.5	48.0306
1032	47.5732
1032.5	46.3556
1033	44.5779
1033.5	42.5562
1034	40.6385
1034.5	38.9448
1035	37.3967
1035.5	35.8058
1036	34.0621
1036.5	32.2527
1037	30.5941
1037.5	29.4191
1038	28.8174
1038.5	28.7725
1039	29.1504
1039.5	29.6253
1040	29.9309
1040.5	29.8326
1041	29.2683
1041.5	28.224
1042	26.9169
1042.5	25.5913
1043	24.5645
1043.5	23.9905
1044	23.9883
1044.5	24.5713
1045	25.4949
1045.5	26.4398
1046	26.9262
1046.5	26.5846
1047	25.0635
1047.5	22.791
1048	20.4688
1048.5	19.2027
1049	19.4195
1049.5	21.0466
1050	23.1873
1050.5	24.7176
1051	24.741
1051.5	23.3818
1052	21.3578
1052.5	19.6258
1053	18.7203
1053.5	18.6514
1054	18.97
1054.5	19.0755
1055	18.6219
1055.5	17.6564
1056	16.5006
1056.5	15.5459
1057	15.0451
1057.5	15.0896
1058	15.6767
1058.5	16.4737
1059	17.1681
1059.5	17.466
1060	17.3456
1060.5	16.9155
1061	16.4439
1061.5	16.0943
1062	15.9211
1062.5	15.8483
1063	15.8771
1063.5	16.0989
1064	16.4974
1064.5	16.8907
1065	16.8936
1065.5	16.2445
1066	14.8465
1066.5	13.174
1067	11.773
1067.5	11.2008
1068	11.3672
1068.5	12.0373
1069	12.8562
1069.5	13.6225
1070	14.3332
1070.5	15.0064
1071	15.5442
1071.5	15.7208
1072	15.5629
1072.5	15.2954
1073	15.3361
1073.5	15.8486
1074	16.6813
1074.5	17.3208
1075	17.3844
1075.5	16.8215
1076	16.223
1076.5	16.2179
1077	17.3224
1077.5	18.9454
1078	20.268
1078.5	20.4054
1079	19.3089
1079.5	17.3711
1080	15.5224
1080.5	14.4423
1081	14.5415
1081.5	15.4119
1082	16.5919
1082.5	17.6545
1083	18.458
1083.5	19.0377
1084	19.5226
1084.5	19.9864
1085	20.3914
1085.5	20.6556
1086	20.7124
1086.5	20.4983
1087	20.1562
1087.5	19.8966
1088	20.0376
1088.5	20.6932
1089	21.8141
1089.5	22.9837
1090	23.6922
1090.5	23.462
1091	22.4371
1091.5	20.9618
1092	19.4846
1092.5	18.3025
1093	17.5099
1093.5	17.0922
1094	17.0077
1094.5	17.3699
1095	18.1501
1095.5	19.1561
1096	20.0283
1096.5	20.4877
1097	20.5094
1097.5	20.2892
1098	20.082
1098.5	19.898
1099	19.5268
1099.5	18.8095
1100	17.8019
1100.5	16.9519
1101	16.6979
1101.5	17.3641
1102	18.5101
1102.5	19.5245
1103	19.7646
1103.5	19.1591
1104	17.9049
1104.5	16.5814
1105	15.6887
1105.5	15.7403
1106	16.7207
1106.5	18.4701
1107	20.5179
1107.5	22.1352
1108	22.628
1108.5	21.7021
1109	19.8617
1109.5	17.8202
1110	16.2633
1110.5	15.3379
1111	14.7688
1111.5	14.0066
1112	12.8545
1112.5	11.5874
1113	10.7338
1113.5	10.7136
1114	11.3707
1114.5	12.1481
1115	12.4364
1115.5	12.1401
1116	11.4981
1116.5	10.941
1117	10.7301
1117.5	10.8971
1118	11.2762
1118.5	11.6942
1119	12.1005
1119.5	12.4974
1120	12.838
1120.5	12.9389
1121	12.7186
1121.5	12.1975
1122	11.6275
1122.5	11.3873
1123	11.872
1123.5	13.1855
1124	15.0541
1124.5	16.9658
1125	18.2631
1125.5	18.478
1126	17.336
1126.5	15.4855
1127	13.5585
1127.5	12.2241
1128	11.6649
1128.5	11.7767
1129	12.0667
1129.5	12.169
1130	11.9172
1130.5	11.5201
1131	11.2019
1131.5	11.1167
1132	11.1827
1132.5	11.2909
1133	11.3505
1133.5	11.3352
1134	11.1996
1134.5	10.9043
1135	10.4335
1135.5	9.87296
1136	9.46145
1136.5	9.44795
1137	9.90694
1137.5	10.5652
1138	11.0817
1138.5	11.2356
1139	11.0922
1139.5	10.8918
1140	10.8697
1140.5	11.0294
1141	11.1439
1141.5	10.9849
1142	10.4987
1142.5	9.95628
1143	9.65767
1143.5	9.78205
1144	10.1668
1144.5	10.5859
1145	10.9021
1145.5	11.2234
1146	11.747
1146.5	12.5922
1147	13.5913
1147.5	14.4552
1148	14.9956
1148.5	15.2692
1149	15.4131
1149.5	15.5134
1150	15.4333
1150.5	14.8606
1151	13.7757
1151.5	12.3953
1152	11.2724
1152.5	10.8366
1153	11.2293
1153.5	12.0276
1154	12.797
1154.5	13.2673
1155	13.6005
1155.5	14.0366
1156	14.6905
1156.5	15.3422
1157	15.6281
1157.5	15.3894
1158	14.9192
1158.5	14.7365
1159	15.1233
1159.5	15.9474
1160	16.6502
1160.5	16.6841
1161	15.8081
1161.5	14.3434
1162	12.9721
1162.5	12.3154
1163	12.3671
1163.5	12.7345
1164	12.8984
1164.5	12.6437
1165	12.0882
1165.5	11.6014
1166	11.4289
1166.5	11.4995
1167	11.3479
1167.5	10.5283
1168	8.85499
1168.5	6.90056
1169	5.43552
1169.5	5.39741
1170	6.72166
1170.5	8.94231
1171	10.9971
1171.5	12.0042
1172	11.4272
1172.5	9.79913
1173	8.01604
1173.5	6.9925
1174	7.01315
1174.5	8.00477
1175	9.57145
1175.5	11.0436
1176	11.8149
1176.5	11.4266
1177	9.90557
1177.5	7.63378
1178	5.57031
1178.5	4.53132
1179	5.2402
1179.5	7.10442
1180	9.28896
1180.5	10.6846
1181	10.8439
1181.5	9.78944
1182	8.31129
1182.5	7.07354
1183	6.49638
1183.5	6.5117
1184	7.03344
1184.5	8.01371
1185	9.20983
1185.5	10.2652
1186	10.6356
1186.5	10.0868
1187	8.74928
1187.5	7.33859
1188	6.47598
1188.5	6.59773
1189	7.24385
1189.5	7.84656
1190	7.83796
1190.5	7.20235
1191	6.25251
1191.5	5.53474
1192	5.37259
1192.5	6.00589
1193	7.23434
1193.5	8.7823
1194	10.1968
1194.5	11.0561
1195	11.0462
1195.5	10.2493
1196	9.22085
1196.5	8.47424
1197	8.20855
1197.5	8.22092
1198	8.05288
1198.5	7.40494
1199	6.27003
1199.5	4.95371
1200	3.86725
1200.5	3.24618
1201	3.08981
1201.5	3.26968
1202	3.73052
1202.5	4.33046
1203	4.90809
1203.5	5.1825
1204	4.99539
1204.5	4.32671
1205	3.4437
1205.5	2.76146
1206	2.74187
1206.5	3.60038
1207	5.2696
1207.5	7.54131
1208	9.76244
1208.5	11.253
1209	11.3709
1209.5	10.2702
1210	8.34608
1210.5	6.48959
1211	5.44608
1211.5	5.72575
1212	6.93496
1212.5	8.40173
1213	9.32423
1213.5	9.54844
1214	9.29581
1214.5	9.09533
1215	9.31183
1215.5	9.98225
1216	10.7036
1216.5	11.0256
1217	10.4894
1217.5	9.26683
1218	7.58889
1218.5	5.70969
1219	3.88152
1219.5	2.33942
1220	1.38752
1220.5	1.20131
1221	1.90899
1221.5	3.00062
1222	3.84098
1222.5	3.83186
1223	3.21514
1223.5	2.59178
1224	2.81593
1224.5	4.10329
1225	6.14124
1225.5	7.96809
1226	8.9547
1226.5	8.95576
1227	8.6424
1227.5	8.57938
1228	8.9998
1228.5	9.47282
1229	9.41589
1229.5	8.461
1230	6.98725
1230.5	5.60667
1231	4.85201
1231.5	4.80456
1232	5.25134
1232.5	5.65743
1233	5.74754
1233.5	5.52831
1234	5.32262
1234.5	5.36855
1235	5.65134
1235.5	5.93395
1236	5.91908
1236.5	5.57388
1237	5.0932
1237.5	4.86174
1238	5.0179
1238.5	5.45872
1239	5.87156
1239.5	6.04525
1240	6.00676
1240.5	6.05408
1241	6.43405
1241.5	7.24495
1242	8.12125
1242.5	8.73507
1243	8.85344
1243.5	8.5993
1244	8.11627
1244.5	7.53277
1245	6.86639
1245.5	6.10679
1246	5.43471
1246.5	5.14464
1247	5.66181
1247.5	6.87704
1248	8.45144
1248.5	9.65966
1249	9.89114
1249.5	8.7526
1250	6.70158
1250.5	4.46929
1251	2.85077
1251.5	2.11386
1252	2.14326
1252.5	2.52431
1253	2.76592
1253.5	2.75591
1254	2.7838
1254.5	3.23841
1255	4.47806
1255.5	6.34563
1256	8.40465
1256.5	9.92023
1257	10.4337
1257.5	9.84884
1258	8.5716
1258.5	7.3729
1259	6.87927
1259.5	7.18591
1260	7.83556
1260.5	8.10398
1261	7.66196
1261.5	6.80642
1262	6.25066
1262.5	6.41601
1263	7.15829
1263.5	7.64269
1264	7.10741
1264.5	5.22532
1265	3.06346
1265.5	1.85356
1266	2.90351
1266.5	5.76744
1267	9.46513
1267.5	12.3186
1268	13.1506
1268.5	11.5204
1269	8.43616
1269.5	5.36262
1270	3.78767
1270.5	4.10715
1271	5.90758
1271.5	8.10575
1272	9.43758
1272.5	9.41425
1273	8.437
1273.5	7.46452
1274	7.30602
1274.5	8.09238
1275	9.39934
1275.5	10.548
1276	11.1113
1276.5	11.0051
1277	10.3306
1277.5	9.39941
1278	8.445
1278.5	7.72987
1279	7.42875
1279.5	7.62802
1280	8.13222
1280.5	8.81593
1281	9.80939
1281.5	11.3555
1282	13.7542
1282.5	16.9225
1283	20.081
1283.5	22.1493
1284	22.4251
1284.5	20.9085
1285	17.8153
1285.5	14.1461
1286	10.5999
1286.5	7.83725
1287	6.02402
1287.5	5.35455
1288	5.72472
1288.5	6.70961
1289	7.8605
1289.5	8.70154
1290	9.02551
1290.5	8.75034
1291	8.07182
1291.5	7.06544
1292	5.88765
1292.5	4.83807
1293	4.33842
1293.5	4.61945
1294	5.43848
1294.5	6.32136
1295	6.76356
1295.5	6.6042
1296	6.01485
1296.5	5.45021
1297	5.13626
1297.5	5.01378
1298	4.95827
1298.5	5.09064
1299	5.68516
1299.5	6.87583
1300	8.42191
1300.5	9.4622
1301	9.28241
1301.5	7.6631
1302	5.4578
1302.5	3.79198
1303	3.5814
1303.5	4.83109
1304	6.77563
1304.5	8.21155
1305	8.52733
1305.5	7.63997
1306	6.39361
1306.5	5.51722
1307	5.42989
1307.5	5.75375
1308	5.87078
1308.5	5.34192
1309	4.24158
1309.5	3.07229
1310	2.49972
1310.5	2.86732
1311	3.99087
1311.5	5.2522
1312	6.22811
1312.5	6.83884
1313	7.33273
1313.5	7.99276
1314	8.81224
1314.5	9.54225
1315	9.82858
1315.5	9.63454
1316	9.02826
1316.5	8.18303
1317	7.25655
1317.5	6.33653
1318	5.5618
1318.5	5.1009
1319	5.179
1319.5	5.66714
1320	6.33391
1320.5	6.8635
1321	7.16239
1321.5	7.25114
1322	7.1297
1322.5	6.67177
1323	5.58852
1323.5	3.99435
1324	2.44219
1324.5	1.91373
1325	2.73411
1325.5	4.75878
1326	7.10088
1326.5	8.70343
1327	8.91653
1327.5	8.12149
1328	7.01878
1328.5	6.1533
1329	5.60374
1329.5	5.2081
1330	4.86759
1330.5	4.72083
1331	5.01694
1331.5	5.77898
1332	6.66912
1332.5	7.19266
1333	7.04111
1333.5	6.29121
1334	5.25919
1334.5	4.3652
1335	3.83647
1335.5	3.77386
1336	4.06176
1336.5	4.61134
1337	5.24053
1337.5	5.80128
1338	6.14949
1338.5	6.25255
1339	6.11247
1339.5	5.74635
1340	5.32263
1340.5	5.04809
1341	5.17174
1341.5	5.74361
1342	6.62862
1342.5	7.3446
1343	7.48116
1343.5	6.84167
1344	5.89526
1344.5	5.14831
1345	5.04123
1345.5	5.47717
1346	6.14156
1346.5	6.66324
1347	6.93308
1347.5	6.9183
1348	6.63152
1348.5	6.02072
1349	5.14083
1349.5	4.47141
1350	4.56245
1350.5	5.69913
1351	7.38222
1351.5	8.70063
1352	8.80536
1352.5	7.79009
1353	6.33659
1353.5	5.35242
1354	5.10203
1354.5	5.15598
1355	4.75553
1355.5	3.70934
1356	2.66527
1356.5	2.42452
1357	3.49966
1357.5	5.25867
1358	6.65139
1358.5	6.64249
1359	5.49658
1359.5	3.8185
1360	2.43511
1360.5	1.70152
1361	1.63345
1361.5	1.9175
1362	2.42101
1362.5	3.22584
1363	4.24696
1363.5	5.24904
1364	5.81975
1364.5	5.91676
1365	5.77497
1365.5	5.82856
1366	6.28716
1366.5	7.06318
1367	7.72339
1367.5	7.97415
1368	7.72474
1368.5	7.27277
1369	6.81618
1369.5	6.45204
1370	6.16426
1370.5	6.0043
1371	6.0826
1371.5	6.41429
1372	6.80978
1372.5	6.84573
1373	6.16106
1373.5	4.73304
1374	3.15695
1374.5	2.05397
1375	1.87364
1375.5	2.48164
1376	3.52868
1376.5	4.53433
1377	5.3769
1377.5	6.15501
1378	6.99023
1378.5	7.77829
1379	8.15276
1379.5	7.97247
1380	7.34616
1380.5	6.80699
1381	6.86794
1381.5	7.86005
1382	9.21459
1382.5	10.1398
1383	9.84367
1383.5	8.60564
1384	7.32127
1384.5	7.69748
1385	10.66
1385.5	16.5093
1386	23.8246
1386.5	30.6665
1387	34.5408
1387.5	34.6051
1388	31.1663
1388.5	25.2948
1389	18.9001
1389.5	13.2821
1390	9.26057
1390.5	6.80074
1391	5.67765
1391.5	5.25903
1392	5.08884
1392.5	4.8368
1393	4.44498
1393.5	4.10803
1394	4.12564
1394.5	4.55086
1395	5.2196
1395.5	5.72053
1396	5.79454
1396.5	5.52267
1397	5.37605
1397.5	5.72491
1398	6.70486
1398.5	7.8931
1399	8.78851
1399.5	9.10255
1400	8.96661
1400.5	8.60925
1401	8.25167
1401.5	7.88228
1402	7.33572
1402.5	6.61185
1403	5.87095
1403.5	5.43034
1404	5.45928
1404.5	5.91029
1405	6.38094
1405.5	6.49851
1406	5.98796
1406.5	5.09628
1407	4.29032
1407.5	4.14686
1408	4.68475
1408.5	5.60007
1409	6.20915
1409.5	5.98104
1410	4.76029
1410.5	3.21889
1411	2.07335
1411.5	1.98669
1412	2.69527
1412.5	3.61367
1413	3.98213
1413.5	3.68831
1414	3.10499
1414.5	2.97182
1415	3.72314
1415.5	5.22246
1416	6.59508
1416.5	7.1785
1417	6.62961
1417.5	5.56805
1418	4.6876
1418.5	4.38098
1419	4.37772
1419.5	4.20995
1420	3.64799
1420.5	2.94183
1421	2.6362
1421.5	2.8421
1422	3.31216
1422.5	3.6132
1423	3.65916
1423.5	3.82526
1424	4.54257
1424.5	5.70914
1425	6.71747
1425.5	6.86485
1426	5.96854
1426.5	4.49948
1427	3.26222
1427.5	2.62008
1428	2.50199
1428.5	2.60246
1429	2.95036
1429.5	3.74008
1430	4.9236
1430.5	5.9248
1431	5.87159
1431.5	4.37237
1432	1.97303
1432.5	0.0238571
1433	-0.319298
1433.5	1.23964
1434	3.75678
1434.5	6.01331
1435	7.35635
1435.5	7.89824
1436	8.12589
1436.5	8.52926
1437	8.99808
1437.5	9.0003
1438	8.18125
1438.5	6.46758
1439	4.49799
1439.5	3.11655
1440	3.08669
1440.5	4.20678
1441	5.89396
1441.5	7.19291
1442	7.60867
1442.5	7.18331
1443	6.3953
1443.5	5.67287
1444	5.01516
1444.5	4.0649
1445	2.64195
1445.5	0.926895
1446	-0.452545
1446.5	-0.906906
1447	-0.182648
1447.5	1.20366
1448	2.78187
1448.5	4.07157
1449	4.7971
1449.5	4.68289
1450	3.90991
1450.5	2.78598
1451	1.89719
1451.5	1.74844
1452	2.50229
1452.5	3.65717
1453	4.51289
1453.5	4.57679
1454	4.02004
1454.5	3.42162
1455	3.44673
1455.5	4.18062
1456	5.46768
1456.5	6.95566
1457	8.23405
1457.5	8.95486
1458	8.86164
1458.5	7.94427
1459	6.3103
1459.5	4.6133
1460	3.48919
1460.5	3.51858
1461	4.49132
1461.5	6.04918
1462	7.50264
1462.5	8.3289
1463	8.16602
1463.5	7.11254
1464	5.54378
1464.5	4.01676
1465	2.99178
1465.5	2.62479
1466	2.82778
1466.5	3.20988
1467	3.52626
1467.5	3.72974
1468	3.9278
1468.5	4.26241
1469	4.82897
1469.5	5.6909
1470	6.95155
1470.5	8.51843
1471	10.2921
1471.5	12.1325
1472	14.0037
1472.5	16.0038
1473	18.0906
1473.5	19.8958
1474	20.3732
1474.5	18.9707
1475	15.7524
1475.5	11.4866
1476	7.65236
1476.5	5.47172
1477	5.06454
1477.5	5.54499
1478	6.04259
1478.5	6.00837
1479	5.50805
1479.5	4.96893
1480	4.7103
1480.5	4.77583
1481	5.0265
1481.5	5.26616
1482	5.41101
1482.5	5.46478
1483	5.46876
1483.5	5.47459
1484	5.52086
1484.5	5.55823
1485	5.38287
1485.5	4.81065
1486	3.70228
1486.5	2.27824
1487	1.00779
1487.5	0.330482
1488	0.295223
1488.5	0.619385
1489	0.876961
1489.5	0.924995
1490	0.943447
1490.5	1.32839
1491	2.23706
1491.5	3.50752
1492	4.72503
1492.5	5.61088
1493	6.08892
1493.5	6.43439
1494	6.85753
1494.5	7.32505
1495	7.56913
1495.5	7.25831
1496	6.35054
1496.5	5.27163
1497	4.58593
1497.5	4.69446
1498	5.52561
1498.5	6.49356
1499	6.86169
1499.5	6.23521
1500	4.63499
1500.5	2.78679
1501	1.32903
1501.5	0.565403
1502	0.396008
1502.5	0.80117
1503	1.70417
1503.5	3.06663
1504	4.67183
1504.5	5.90849
1505	6.10837
1505.5	5.15567
1506	3.75395
1506.5	2.75641
1507	2.72516
1507.5	3.41931
1508	4.11692
1508.5	4.29214
1509	3.95577
1509.5	3.56776
1510	3.54505
1510.5	3.84185
1511	4.07341
1511.5	3.83444
1512	3.1236
1512.5	2.38885
1513	1.97763
1513.5	2.13749
1514	2.6512
1514.5	3.20464
1515	3.46857
1515.5	3.382
1516	3.10749
1516.5	2.98392
1517	3.23871
1517.5	3.80843
1518	4.39768
1518.5	4.7772
1519	4.93467
1519.5	5.13065
1520	5.59234
1520.5	6.42307
1521	7.48592
1521.5	8.39395
1522	8.65556
1522.5	8.0559
1523	6.61903
1523.5	4.61153
1524	2.58149
1524.5	1.02934
1525	0.262539
1525.5	0.45676
1526	1.60218
1526.5	3.23343
1527	4.80922
1527.5	5.84194
1528	6.01292
1528.5	5.64968
1529	5.38468
1529.5	5.60838
1530	6.27628
1530.5	6.58829
1531	5.79776
1531.5	3.7793
1532	1.04406
1532.5	-1.22245
1533	-2.08284
1533.5	-1.51532
1534	8.39233e-005
1534.5	1.70541
1535	2.92971
1535.5	3.59079
1536	3.82169
1536.5	3.79813
1537	3.65023
1537.5	3.42315
1538	3.123
1538.5	2.75647
1539	2.37152
1539.5	2.11003
1540	2.14751
1540.5	2.6114
1541	3.49902
1541.5	4.52013
1542	5.25596
1542.5	5.40489
1543	4.85811
1543.5	3.87478
1544	2.87194
1544.5	2.27757
1545	2.33999
1545.5	2.9805
1546	3.8814
1546.5	4.59302
1547	4.74937
1547.5	4.27941
1548	3.36489
1548.5	2.23703
1549	1.10143
1549.5	0.0848656
1550	-0.688335
1550.5	-1.03694
1551	-0.755283
1551.5	0.137882
1552	1.27231
1552.5	2.33766
1553	3.17982
1553.5	3.91098
1554	4.75418
1554.5	5.64878
1555	6.31733
1555.5	6.37987
1556	5.7975
1556.5	4.98762
1557	4.32058
1557.5	3.95053
1558	3.66103
1558.5	3.13522
1559	2.36347
1559.5	1.58601
1560	1.14304
1560.5	1.1627
1561	1.51457
1561.5	2.07645
1562	2.87695
1562.5	3.96402
1563	5.24029
1563.5	6.37014
1564	6.99467
1564.5	7.07811
1565	6.86712
1565.5	6.69732
1566	6.67689
1566.5	6.62129
1567	6.37996
1567.5	6.03867
1568	5.98911
1568.5	6.5126
1569	7.42152
1569.5	8.25463
1570	8.46568
1570.5	7.90916
1571	7.12615
1571.5	6.65785
1572	6.81786
1572.5	7.46905
1573	7.93261
1573.5	7.81157
1574	7.11698
1574.5	6.26794
1575	5.87352
1575.5	6.03579
1576	6.3904
1576.5	6.40393
1577	5.8232
1577.5	5.0008
1578	4.57851
1578.5	4.89495
1579	5.65321
1579.5	6.12789
1580	5.73353
1580.5	4.59007
1581	3.39482
1581.5	2.77163
1582	2.87825
1582.5	3.42636
1583	3.93787
1583.5	4.33001
1584	4.7855
1584.5	5.49854
1585	6.46294
1585.5	7.32565
1586	7.79251
1586.5	7.69316
1587	6.98309
1587.5	5.84072
1588	4.70472
1588.5	4.00751
1589	4.0753
1589.5	4.8506
1590	5.75464
1590.5	6.25321
1591	6.27057
1591.5	6.23622
1592	6.64019
1592.5	7.41558
1593	7.80657
1593.5	6.92151
1594	4.77287
1594.5	2.15889
1595	0.357685
1595.5	0.256725
1596	1.48566
1596.5	3.16833
1597	4.50521
1597.5	5.08459
1598	5.21383
1598.5	5.25562
1599	5.30491
1599.5	5.23717
1600	4.87764
1600.5	4.39979
1601	4.18404
1601.5	4.58793
1602	5.72225
1602.5	7.11356
1603	8.03184
1603.5	7.95378
1604	6.73014
1604.5	4.85328
1605	2.93599
1605.5	1.48824
1606	0.721287
1606.5	0.645462
1607	1.25914
1607.5	2.52874
1608	4.17025
1608.5	5.4687
1609	5.90443
1609.5	5.40839
1610	4.47935
1610.5	4.1884
1611	4.97785
1611.5	6.50789
1612	7.94498
1612.5	8.3325
1613	7.47301
1613.5	6.00449
1614	4.70236
1614.5	4.05222
1615	3.88855
1615.5	3.76928
1616	3.39922
1616.5	2.93568
1617	2.78265
1617.5	3.14233
1618	3.88869
1618.5	4.59064
1619	4.92173
1619.5	4.94182
1620	4.83326
1620.5	4.6979
1621	4.39136
1621.5	3.83357
1622	3.26382
1622.5	3.1635
1623	4.04454
1623.5	5.78149
1624	7.70286
1624.5	9.07724
1625	9.44073
1625.5	8.87938
1626	7.65352
1626.5	6.05765
1627	4.52078
1627.5	3.59944
1628	3.70227
1628.5	4.83276
1629	6.34959
1629.5	7.13972
1630	6.87986
1630.5	6.00462
1631	5.36622
1631.5	5.64135
1632	6.50037
1632.5	7.28013
1633	7.70545
1633.5	8.06806
1634	8.80113
1634.5	9.74994
1635	10.1404
1635.5	9.26429
1636	7.42882
1636.5	5.59313
1637	4.7409
1637.5	5.15203
1638	5.9547
1638.5	6.38592
1639	6.22213
1639.5	5.76542
1640	5.52494
1640.5	5.54222
1641	5.63535
1641.5	5.75548
1642	6.15665
1642.5	7.0801
1643	8.3275
1643.5	9.21916
1644	8.98819
1644.5	7.57746
1645	5.48156
1645.5	3.56639
1646	2.67596
1646.5	2.97445
1647	4.21831
1647.5	5.94397
1648	7.51217
1648.5	8.18962
1649	7.74354
1649.5	6.37293
1650	4.68888
1650.5	3.52555
1651	3.32067
1651.5	3.86063
1652	4.46141
1652.5	4.46042
1653	3.74088
1653.5	2.63197
1654	1.745
1654.5	1.65551
1655	2.32873
1655.5	3.42703
1656	4.47947
1656.5	5.05972
1657	5.11595
1657.5	4.95945
1658	4.86901
1658.5	4.95987
1659	5.13825
1659.5	5.32681
1660	5.65136
1660.5	6.31582
1661	7.24269
1661.5	7.94703
1662	7.90459
1662.5	6.93272
1663	5.73056
1663.5	5.28119
1664	5.93322
1664.5	7.30397
1665	8.43982
1665.5	8.63778
1666	8.10115
1666.5	7.39586
1667	6.85671
1667.5	6.30524
1668	5.45647
1668.5	4.39537
1669	3.72884
1669.5	3.92625
1670	4.77884
1670.5	5.69472
1671	6.09925
1671.5	5.95721
1672	5.84468
1672.5	6.07787
1673	6.55013
1673.5	6.80972
1674	6.59699
1674.5	6.11403
1675	5.85337
1675.5	6.16704
1676	6.88594
1676.5	7.57921
1677	7.79136
1677.5	7.20093
1678	6.07154
1678.5	4.85428
1679	3.96794
1679.5	3.64255
1680	3.70145
1680.5	3.6865
1681	3.30336
1681.5	2.62105
1682	2.04195
1682.5	1.90995
1683	2.25913
1683.5	2.78757
1684	2.99549
1684.5	2.66845
1685	1.8473
1685.5	0.776325
1686	-0.0859032
1686.5	-0.128021
1687	0.996414
1687.5	3.20506
1688	5.89535
1688.5	8.04042
1689	8.89669
1689.5	8.21687
1690	6.47067
1690.5	4.4865
1691	2.88272
1691.5	2.03769
1692	2.17946
1692.5	3.35388
1693	5.07394
1693.5	6.61237
1694	7.30387
1694.5	6.82654
1695	5.68772
1695.5	4.63268
1696	4.28447
1696.5	4.68393
1697	5.37326
1697.5	5.97092
1698	6.32743
1698.5	6.52645
1699	6.7789
1699.5	7.17757
1700	7.67165
1700.5	8.04626
1701	7.90536
1701.5	6.92302
1702	5.05069
1702.5	2.87444
1703	1.50229
1703.5	1.65094
1704	3.29842
1704.5	5.66774
1705	7.43126
1705.5	7.7993
1706	7.04301
1706.5	5.89628
1707	5.10554
1707.5	4.87194
1708	4.94116
1708.5	4.98732
1709	4.92374
1709.5	4.91325
1710	5.02478
1710.5	5.1263
1711	4.9534
1711.5	4.36555
1712	3.6501
1712.5	3.29377
1713	3.6934
1713.5	4.91116
1714	6.48386
1714.5	7.82236
1715	8.40269
1715.5	8.10849
1716	7.42141
1716.5	6.84724
1717	6.73184
1717.5	7.10021
1718	7.5681
1718.5	7.75115
1719	7.55672
1719.5	7.15891
1720	6.82201
1720.5	6.62347
1721	6.48118
1721.5	6.3123
1722	6.26073
1722.5	6.54469
1723	7.17856
1723.5	7.86938
1724	8.08942
1724.5	7.60075
1725	6.60564
1725.5	5.60962
1726	4.96738
1726.5	4.5749
1727	4.21281
1727.5	3.84637
1728	3.81588
1728.5	4.55568
1729	5.96708
1729.5	7.54472
1730	8.61701
1730.5	8.8316
1731	8.37006
1731.5	7.60727
1732	6.83729
1732.5	6.07462
1733	5.26808
1733.5	4.52157
1734	4.10693
1734.5	4.35108
1735	5.22128
1735.5	6.29735
1736	6.94911
1736.5	6.59036
1737	5.28761
1737.5	3.61811
1738	2.44358
1738.5	2.60902
1739	4.00346
1739.5	5.79414
1740	7.15233
1740.5	7.61618
1741	7.42039
1741.5	7.10241
1742	6.9794
1742.5	6.97915
1743	6.85201
1743.5	6.58971
1744	6.38899
1744.5	6.47989
1745	6.9758
1745.5	7.785
1746	8.79915
1746.5	9.86363
1747	10.6403
1747.5	10.704
1748	9.84026
1748.5	8.2674
1749	6.73165
1749.5	6.08427
1750	6.39499
1750.5	7.15346
1751	7.60165
1751.5	7.30426
1752	6.48822
1752.5	5.66477
1753	5.29332
1753.5	5.35892
1754	5.51073
1754.5	5.43159
1755	4.95339
1755.5	4.11712
1756	3.21536
1756.5	2.60713
1757	2.55704
1757.5	3.08435
1758	3.79618
1758.5	4.25219
1759	4.20652
1759.5	3.78456
1760	3.48973
1760.5	3.63637
1761	4.0929
1761.5	4.45034
1762	4.40221
1762.5	4.10168
1763	3.95551
1763.5	4.33577
1764	5.23369
1764.5	6.19513
1765	6.88354
1765.5	7.17482
1766	7.1376
1766.5	6.95565
1767	6.76383
1767.5	6.69413
1768	6.83174
1768.5	7.0021
1769	6.86493
1769.5	6.14646
1770	4.9091
1770.5	3.73836
1771	3.20217
1771.5	3.39268
1772	3.73523
1772.5	3.54506
1773	2.78574
1773.5	1.9499
1774	1.66869
1774.5	2.19265
1775	3.10239
1775.5	3.9263
1776	4.54287
1776.5	5.19288
1777	6.05264
1777.5	6.97704
1778	7.62253
1778.5	7.68265
1779	7.31168
1779.5	6.9952
1780	7.18651
1780.5	8.06901
1781	9.28589
1781.5	10.1826
1782	10.1749
1782.5	9.0439
1783	7.29772
1783.5	5.82919
1784	5.09063
1784.5	4.94632
1785	4.8033
1785.5	4.26185
1786	3.42118
1786.5	2.6857
1787	2.45254
1787.5	2.63761
1788	3.09435
1788.5	3.85177
1789	5.1206
1789.5	6.90557
1790	8.87152
1790.5	10.4828
1791	11.1727
1791.5	10.7883
1792	9.57645
1792.5	7.94299
1793	6.46146
1793.5	5.74238
1794	5.94622
1794.5	6.71822
1795	7.27348
1795.5	6.85199
1796	5.62242
1796.5	4.20022
1797	3.21959
1797.5	3.01731
1798	3.41269
1798.5	4.19822
1799	5.21202
1799.5	6.17031
1800	6.60359
1800.5	6.27876
1801	5.44895
1801.5	4.84701
1802	5.14328
1802.5	6.24542
1803	7.53008
1803.5	8.32262
1804	8.60496
1804.5	8.81728
1805	9.10089
1805.5	9.14911
1806	8.47706
1806.5	7.21777
1807	5.99202
1807.5	5.43872
1808	5.58595
1808.5	5.66375
1809	5.2337
1809.5	4.50003
1810	4.22386
1810.5	4.9359
1811	6.37901
1811.5	7.80507
1812	8.43112
1812.5	8.17511
1813	7.48597
1813.5	6.7093
1814	5.93715
1814.5	5.12246
1815	4.40557
1815.5	4.14014
1816	4.672
1816.5	6.01537
1817	7.51578
1817.5	8.57816
1818	8.89516
1818.5	8.54419
1819	7.9232
1819.5	7.23126
1820	6.40281
1820.5	5.187
1821	3.5443
1821.5	1.87792
1822	0.770378
1822.5	0.747978
1823	1.84571
1823.5	3.5592
1824	5.25294
1824.5	6.40042
1825	6.84023
1825.5	6.84188
1826	6.69477
1826.5	6.49998
1827	6.14349
1827.5	5.52552
1828	4.742
1828.5	4.11551
1829	4.13288
1829.5	4.98505
1830	6.44615
1830.5	7.95115
1831	8.93079
1831.5	9.24066
1832	9.13394
1832.5	8.91544
1833	8.69954
1833.5	8.33742
1834	7.73119
1834.5	7.03749
1835	6.56223
1835.5	6.32697
1836	5.94293
1836.5	5.13445
1837	4.12741
1837.5	3.76966
1838	4.58327
1838.5	6.15472
1839	7.29008
1839.5	6.69761
1840	4.89225
1840.5	3.35114
1841	3.28905
1841.5	4.71881
1842	6.11958
1842.5	6.11524
1843	4.45875
1843.5	2.12839
1844	0.629585
1844.5	0.453613
1845	1.08953
1845.5	1.80791
1846	2.27869
1846.5	2.75624
1847	3.55861
1847.5	4.76006
1848	6.09779
1848.5	7.17962
1849	7.7923
1849.5	7.9466
1850	7.82145
1850.5	7.62409
1851	7.40519
1851.5	7.0781
1852	6.50005
1852.5	5.68975
1853	4.88726
1853.5	4.40166
1854	4.45522
1854.5	4.97023
1855	5.65466
1855.5	6.27737
1856	6.69613
1856.5	6.87544
1857	6.93837
1857.5	7.0982
1858	7.57128
1858.5	8.36223
1859	8.97109
1859.5	8.74715
1860	7.44456
1860.5	5.57751
1861	4.28634
1861.5	4.24159
1862	5.22488
1862.5	6.15026
1863	5.846
1863.5	4.22996
1864	2.19288
1864.5	1.09301
1865	1.623
1865.5	3.10878
1866	4.50005
1866.5	4.98621
1867	4.48769
1867.5	3.68467
1868	3.20597
1868.5	3.36838
1869	4.14177
1869.5	5.22299
1870	6.37543
1870.5	7.34764
1871	7.77416
1871.5	7.39153
1872	6.29543
1872.5	4.985
1873	4.22838
1873.5	4.4737
1874	5.35238
1874.5	6.01364
1875	5.63742
1875.5	4.26113
1876	3.0429
1876.5	3.06591
1877	4.67888
1877.5	7.06353
1878	8.78201
1878.5	9.02143
1879	7.89985
1879.5	6.37467
1880	5.45545
1880.5	5.32496
1881	5.44859
1881.5	4.95275
1882	3.56965
1882.5	1.84154
1883	0.700714
1883.5	1.01508
1884	2.79545
1884.5	5.11367
1885	6.82227
1885.5	7.11495
1886	6.1656
1886.5	5.03805
1887	4.68836
1887.5	5.40907
1888	6.70092
1888.5	7.69814
1889	7.86425
1889.5	7.08815
1890	5.68866
1890.5	4.37778
1891	3.77164
1891.5	4.19054
1892	5.46466
1892.5	6.81833
1893	7.55565
1893.5	7.49511
1894	6.95504
1894.5	6.471
1895	6.27158
1895.5	6.2846
1896	6.32451
1896.5	6.26361
1897	6.08891
1897.5	5.82287
1898	5.54179
1898.5	5.45783
1899	5.79362
1899.5	6.54678
1900	7.44722
1900.5	8.03321
1901	8.01773
1901.5	7.4138
1902	6.45899
1902.5	5.55928
1903	5.16189
1903.5	5.48384
1904	6.38097
1904.5	7.26859
1905	7.35539
1905.5	6.43078
1906	4.98314
1906.5	3.81845
1907	3.50248
1907.5	3.8509
1908	4.41707
1908.5	4.84568
1909	5.03715
1909.5	5.05763
1910	4.90913
1910.5	4.61716
1911	4.39919
1911.5	4.59506
1912	5.30222
1912.5	6.24797
1913	6.98322
1913.5	7.29807
1914	7.3501
1914.5	7.36707
1915	7.41187
1915.5	7.30917
1916	6.92194
1916.5	6.32575
1917	5.78435
1917.5	5.56863
1918	5.63494
1918.5	5.6901
1919	5.37459
1919.5	4.54177
1920	3.56566
1920.5	2.97561
1921	3.14085
1921.5	3.99139
1922	4.91191
1922.5	5.39289
1923	5.29918
1923.5	4.84798
1924	4.30962
1924.5	3.66974
1925	2.82599
1925.5	1.91714
1926	1.48636
1926.5	1.8988
1927	3.04578
1927.5	4.40791
1928	5.3747
1928.5	5.74873
1929	5.59025
1929.5	5.01392
1930	4.14998
1930.5	3.38551
1931	3.25308
1931.5	4.11766
1932	5.71563
1932.5	6.90573
1933	6.65984
1933.5	4.85256
1934	2.41642
1934.5	0.793747
1935	0.627224
1935.5	1.62398
1936	2.88727
1936.5	3.55934
1937	3.5413
1937.5	3.2391
1938	3.19622
1938.5	3.71659
1939	4.5474
1939.5	5.20967
1940	5.26595
1940.5	4.57694
1941	3.63403
1941.5	3.01759
1942	3.05698
1942.5	3.62918
1943	4.19974
1943.5	4.44808
1944	4.48279
1944.5	4.78971
1945	5.79225
1945.5	7.35706
1946	8.93228
1946.5	9.82495
1947	9.66638
1947.5	8.75715
1948	7.64325
1948.5	6.82259
1949	6.45281
1949.5	6.21319
1950	5.76639
1950.5	4.96589
1951	3.97373
1951.5	3.17674
1952	2.84256
1952.5	3.0261
1953	3.58207
1953.5	4.25285
1954	4.91121
1954.5	5.55885
1955	6.23515
1955.5	6.83551
1956	7.04553
1956.5	6.47936
1957	4.91361
1957.5	2.69504
1958	0.780622
1958.5	0.0500488
1959	0.875244
1959.5	2.73087
1960	4.35782
1960.5	4.87577
1961	4.1694
1961.5	2.9918
1962	2.4047
1962.5	2.80731
1963	3.91292
1963.5	5.05351
1964	5.82993
1964.5	6.41278
1965	7.13731
1965.5	8.0872
1966	8.83984
1966.5	8.89358
1967	8.10603
1967.5	6.79165
1968	5.55406
1968.5	4.8144
1969	4.66868
1969.5	4.94597
1970	5.27604
1970.5	5.31969
1971	5.00232
1971.5	4.54081
1972	4.35834
1972.5	4.64009
1973	5.1695
1973.5	5.54762
1974	5.51622
1974.5	5.26632
1975	5.10815
1975.5	5.12728
1976	5.16537
1976.5	5.15688
1977	5.41046
1977.5	6.26502
1978	7.66987
1978.5	8.94877
1979	9.41415
1979.5	8.93449
1980	7.94787
1980.5	7.16532
1981	6.9175
1981.5	7.0916
1982	7.36966
1982.5	7.39506
1983	6.96893
1983.5	6.11674
1984	5.13389
1984.5	4.58594
1985	4.88156
1985.5	5.79479
1986	6.62345
1986.5	6.61839
1987	5.75662
1987.5	4.87142
1988	4.78097
1988.5	5.69206
1989	6.95115
1989.5	7.70512
1990	7.64902
1990.5	7.02944
1991	6.34897
1991.5	5.86851
1992	5.57064
1992.5	5.44455
1993	5.67082
1993.5	6.40146
1994	7.4989
1994.5	8.54375
1995	9.01473
1995.5	8.71031
1996	7.83068
1996.5	6.7061
1997	5.6436
1997.5	4.84194
1998	4.36678
1998.5	4.21876
1999	4.34492
1999.5	4.68993
2000	5.23094
2000.5	5.93968
2001	6.64865
2001.5	6.98716
2002	6.75602
2002.5	6.11526
2003	5.50428
2003.5	5.37219
2004	5.72988
2004.5	6.32558
2005	6.97989
2005.5	7.72452
2006	8.62058
2006.5	9.48414
2007	9.97967
2007.5	9.84731
2008	9.13494
2008.5	8.08044
2009	6.82704
2009.5	5.48318
2010	4.31887
2010.5	3.68109
2011	3.68639
2011.5	4.06693
2012	4.32342
2012.5	4.35246
2013	4.56446
2013.5	5.43427
2014	6.92332
2014.5	8.18576
2015	8.42893
2015.5	7.46374
2016	5.87113
2016.5	4.73076
2017	4.68662
2017.5	5.7258
2018	7.26142
2018.5	8.41959
2019	8.75894
2019.5	8.40766
2020	7.89111
2020.5	7.75916
2021	8.00222
2021.5	8.22304
2022	8.00884
2022.5	7.25156
2023	6.29326
2023.5	5.42155
2024	4.7291
2024.5	4.20824
2025	3.95528
2025.5	4.13375
2026	4.70643
2026.5	5.24039
2027	5.08966
2027.5	4.08407
2028	2.64853
2028.5	1.58846
2029	1.53075
2029.5	2.30793
2030	3.38453
2030.5	4.27612
2031	4.9013
2031.5	5.53449
2032	6.29624
2032.5	7.00998
2033	7.26039
2033.5	6.85099
2034	5.90108
2034.5	4.73371
2035	3.77226
2035.5	3.4143
2036	3.91063
2036.5	5.25714
2037	6.9996
2037.5	8.19633
2038	8.1913
2038.5	7.06584
2039	5.67101
2039.5	5.11921
2040	5.59411
2040.5	6.42312
2041	6.68588
2041.5	6.00432
2042	5.06934
2042.5	4.66328
2043	5.05259
2043.5	5.74003
2044	5.93033
2044.5	5.39857
2045	4.54828
2045.5	4.18886
2046	4.86596
2046.5	6.41981
2047	8.19559
2047.5	9.33757
2048	9.37525
2048.5	8.62062
2049	7.71469
2049.5	7.19248
2050	7.0583
2050.5	6.89438
2051	6.48744
2051.5	6.03011
2052	5.9907
2052.5	6.44335
2053	6.98
2053.5	6.99376
2054	6.05324
2054.5	4.4724
2055	2.98111
2055.5	2.36818
2056	3.11312
2056.5	4.76766
2057	6.33414
2057.5	6.99674
2058	6.67583
2058.5	6.26529
2059	6.54493
2059.5	7.38077
2060	7.85701
2060.5	7.18579
2061	5.93731
2061.5	5.29819
2062	6.01995
2062.5	7.56998
2063	8.47593
2063.5	8.03905
2064	6.71096
2064.5	5.74245
2065	5.85286
2065.5	6.64772
2066	7.22642
2066.5	6.84958
2067	5.61459
2067.5	4.15601
2068	3.08009
2068.5	2.73801
2069	3.09077
2069.5	3.8352
2070	4.65246
2070.5	5.22155
2071	5.22372
2071.5	4.57313
2072	3.46975
2072.5	2.45054
2073	2.28647
2073.5	3.16483
2074	4.59829
2074.5	5.72638
2075	5.89735
2075.5	5.47469
2076	5.29313
2076.5	5.87202
2077	6.9391
2077.5	7.54893
2078	7.17418
2078.5	6.04541
2079	4.92747
2079.5	4.49154
2080	4.68328
2080.5	5.07256
2081	5.23137
2081.5	5.00604
2082	4.55577
2082.5	4.04844
2083	3.5959
2083.5	3.28107
2084	3.16987
2084.5	3.3362
2085	3.82255
2085.5	4.57764
2086	5.30978
2086.5	5.60198
2087	5.1134
2087.5	3.84563
2088	2.44024
2088.5	1.67487
2089	1.90339
2089.5	2.79979
2090	3.45495
2090.5	3.28231
2091	2.39037
2091.5	1.4186
2092	1.1307
2092.5	1.69348
2093	2.80387
2093.5	3.93184
2094	4.53551
2094.5	4.46846
2095	3.93967
2095.5	3.39881
2096	3.37355
2096.5	4.05745
2097	5.22621
2097.5	6.43726
2098	7.20898
2098.5	7.30169
2099	6.8355
2099.5	6.0752
2100	5.23794
2100.5	4.28034
2101	3.04639
2101.5	1.68598
2102	0.855728
2102.5	1.47602
2103	3.42106
2103.5	5.59473
2104	6.65419
2104.5	6.09172
2105	5.11381
2105.5	4.96828
2106	5.92303
2106.5	7.12015
2107	7.64509
2107.5	7.57772
2108	7.379
2108.5	7.07997
2109	6.17207
2109.5	4.72758
2110	3.67869
2110.5	4.08345
2111	5.74473
2111.5	7.08412
2112	6.94946
2112.5	5.50723
2113	4.18667
2113.5	4.04615
2114	4.97871
2114.5	6.27171
2115	7.27761
2115.5	7.7971
2116	7.74466
2116.5	7.05924
2117	5.91117
2117.5	4.84269
2118	4.23668
2118.5	4.10429
2119	4.24288
2119.5	4.54249
2120	4.99991
2120.5	5.48697
2121	5.78219
2121.5	5.94389
2122	6.39598
2122.5	7.31515
2123	8.24773
2123.5	8.2461
2124	7.16734
2124.5	5.74459
2125	4.90253
2125.5	4.95291
2126	5.26275
2126.5	5.35837
2127	5.30612
2127.5	5.41232
2128	5.51968
2128.5	5.12573
2129	4.07139
2129.5	2.8892
2130	2.44447
2130.5	2.89095
2131	3.70985
2131.5	4.19864
2132	4.03361
2132.5	3.45459
2133	2.76977
2133.5	2.26941
2134	2.36453
2134.5	3.31352
2135	4.93629
2135.5	6.48741
2136	6.94316
2136.5	6.13583
2137	4.81131
2137.5	3.88827
2138	3.72289
2138.5	3.7967
2139	3.72537
2139.5	3.82582
2140	4.81229
2140.5	6.69846
2141	8.31808
2141.5	8.44476
2142	6.80093
2142.5	4.6283
2143	3.52713
2143.5	4.01101
2144	5.48885
2144.5	6.87384
2145	7.67789
2145.5	8.03176
2146	8.08964
2146.5	7.6477
2147	6.46686
2147.5	4.7596
2148	3.18798
2148.5	2.525
2149	2.93221
2149.5	3.88992
2150	4.75927
2150.5	5.16542
2151	5.207
2151.5	5.11622
2152	4.86743
2152.5	4.25821
2153	3.3042
2153.5	2.56091
2154	2.62195
2154.5	3.61911
2155	4.95313
2155.5	5.78638
2156	5.94692
2156.5	5.88735
2157	6.23765
2157.5	7.01755
2158	7.71267
2158.5	7.82242
2159	7.18619
2159.5	6.09796
2160	4.96241
2160.5	4.15199
2161	4.01268
2161.5	4.59979
2162	5.3524
2162.5	5.48512
2163	4.55187
2163.5	3.0915
2164	2.31823
2164.5	2.82359
2165	4.15043
2165.5	5.10482
2166	5.23451
2166.5	5.17629
2167	5.81832
2167.5	7.35297
2168	8.79347
2168.5	9.21897
2169	8.51211
2169.5	7.31842
2170	6.33402
2170.5	5.54098
2171	4.58821
2171.5	3.34358
2172	2.24649
2172.5	1.85303
2173	2.31771
2173.5	3.27469
2174	3.95617
2174.5	3.84675
2175	3.02166
2175.5	2.08973
2176	1.91319
2176.5	2.67949
2177	3.82141
2177.5	4.53386
2178	4.43452
2178.5	4.09841
2179	4.24617
2179.5	5.06228
2180	6.15344
2180.5	7.01591
2181	7.58167
2181.5	7.96973
2182	8.18796
2182.5	8.12884
2183	7.89483
2183.5	7.7061
2184	7.58798
2184.5	7.12765
2185	5.99979
2185.5	4.44972
2186	3.17869
2186.5	2.83769
2187	3.20817
2187.5	3.70667
2188	3.97973
2188.5	4.16565
2189	4.58337
2189.5	5.14903
2190	5.44223
2190.5	5.05201
2191	4.1355
2191.5	3.3509
2192	3.32788
2192.5	4.2623
2193	5.52251
2193.5	6.05796
2194	5.32595
2194.5	3.71698
2195	2.54588
2195.5	2.74322
2196	4.06669
2196.5	5.44391
2197	5.77385
2197.5	5.09855
2198	4.08871
2198.5	3.2155
2199	2.37205
2199.5	1.25535
2200	0.107784
2200.5	-0.404091
2201	0.282333
2201.5	1.84934
2202	3.47229
2202.5	4.66041
2203	5.49869
2203.5	6.40551
2204	7.38396
2204.5	7.94397
2205	7.55485
2205.5	6.15528
2206	4.45799
2206.5	3.06469
2207	2.16708
2207.5	1.61718
2208	1.3599
2208.5	1.66502
2209	2.72861
2209.5	4.23289
2210	5.27728
2210.5	5.28552
2211	4.47055
2211.5	3.66187
2212	3.65171
2212.5	4.41496
2213	5.40962
2213.5	6.00682
2214	5.90327
2214.5	5.33259
2215	4.63693
2215.5	4.0907
2216	3.82676
2216.5	3.77259
2217	3.80279
2217.5	3.79803
2218	3.74007
2218.5	3.78972
2219	4.1076
2219.5	4.63583
2220	4.98642
2220.5	4.77872
2221	4.17312
2221.5	3.75091
2222	4.05388
2222.5	4.8747
2223	5.37957
2223.5	5.05587
2224	4.19986
2224.5	3.83677
2225	4.50367
2225.5	5.81178
2226	6.86604
2226.5	6.93508
2227	6.26642
2227.5	5.49674
2228	5.19998
2228.5	5.63594
2229	6.56359
2229.5	7.47298
2230	7.78823
2230.5	7.13894
2231	5.85235
2231.5	4.67847
2232	4.13926
2232.5	4.17858
2233	4.21467
2233.5	3.97455
2234	3.82742
2234.5	4.43733
2235	6.03362
2235.5	7.73615
2236	8.41825
2236.5	7.47162
2237	5.21866
2237.5	2.87301
2238	1.34232
2238.5	1.00431
2239	1.76172
2239.5	3.09373
2240	4.46252
2240.5	5.39568
2241	5.58793
2241.5	5.17089
2242	4.56917
2242.5	4.13765
2243	4.03773
2243.5	4.27182
2244	4.84301
2244.5	5.73746
2245	6.77975
2245.5	7.62821
2246	8.11191
2246.5	8.28151
2247	8.20639
2247.5	7.733
2248	6.69479
2248.5	5.22662
2249	3.80127
2249.5	2.96504
2250	2.75583
2250.5	2.75321
2251	2.60078
2251.5	2.27445
2252	2.09651
2252.5	2.31896
2253	2.92905
2253.5	3.67313
2254	4.20603
2254.5	4.39386
2255	4.30585
2255.5	4.08912
2256	3.80382
2256.5	3.39046
2257	2.83818
2257.5	2.29255
2258	2.00593
2258.5	2.07812
2259	2.45593
2259.5	3.05224
2260	3.79739
2260.5	4.52688
2261	4.98768
2261.5	5.01711
2262	4.74949
2262.5	4.62763
2263	4.8558
2263.5	5.15575
2264	5.00063
2264.5	4.1774
2265	3.12252
2265.5	2.33263
2266	1.97204
2266.5	1.80192
2267	1.63015
2267.5	1.63037
2268	2.04652
2268.5	2.80512
2269	3.44564
2269.5	3.74537
2270	3.8396
2270.5	3.81864
2271	3.33642
2271.5	2.13889
2272	0.691059
2272.5	0.166245
2273	1.27248
2273.5	3.08171
2274	4.06726
2274.5	3.45376
2275	2.27682
2275.5	2.21761
2276	3.54343
2276.5	5.15196
2277	5.64098
2277.5	5.07595
2278	4.34176
2278.5	4.08475
2279	4.10967
2279.5	3.80915
2280	3.20503
2280.5	2.92199
2281	3.64986
2281.5	5.15196
2282	6.41847
2282.5	6.5817
2283	5.44317
2283.5	3.73113
2284	2.30824
2284.5	1.52061
2285	1.28154
2285.5	1.4519
2286	2.03355
2286.5	2.91823
2287	3.6666
2287.5	3.82456
2288	3.755
2288.5	4.12826
2289	5.12031
2289.5	5.89502
2290	5.42728
2290.5	3.87925
2291	2.44411
2291.5	2.39574
2292	3.58927
2292.5	4.75352
2293	4.92564
2293.5	4.05591
2294	2.80684
2294.5	1.65536
2295	0.690586
2295.5	-0.0675278
2296	-0.441904
2296.5	-0.326387
2297	0.170317
2297.5	0.756779
2298	1.11477
2298.5	1.19971
2299	1.18049
2299.5	1.33705
2300	1.91564
2300.5	2.78476
2301	3.51427
2301.5	3.71835
2302	3.43162
2302.5	3.30827
2303	3.89164
2303.5	4.98373
2304	5.70441
2304.5	5.21293
2305	3.80568
2305.5	2.52643
2306	2.40019
2306.5	3.51572
2307	4.74505
2307.5	5.09507
2308	4.36703
2308.5	3.35042
2309	2.86229
2309.5	2.89561
2310	2.92998
2310.5	2.52736
2311	1.96273
2311.5	1.76164
2312	2.03713
2312.5	2.24311
2313	1.68691
2313.5	0.65597
2314	0.104488
2314.5	0.835657
2315	2.43714
2315.5	3.53492
2316	3.30158
2316.5	2.12453
2317	1.4398
2317.5	2.02172
2318	3.33181
2318.5	4.26467
2319	4.23788
2319.5	3.7747
2320	3.43293
2320.5	3.29893
2321	3.11079
2321.5	2.8696
2322	2.92876
2322.5	3.4986
2323	4.28808
2323.5	4.77106
2324	4.8621
2324.5	4.83877
2325	4.98542
2325.5	5.26615
2326	5.43403
2326.5	5.34122
2327	4.95897
2327.5	4.31878
2328	3.59889
2328.5	3.08426
2329	2.99652
2329.5	3.19137
2330	3.16287
2330.5	2.76837
2331	2.46243
2331.5	2.99392
2332	4.26833
2332.5	5.35039
2333	5.54333
2333.5	5.05035
2334	4.83218
2334.5	5.24169
2335	5.77631
2335.5	5.73304
2336	5.1421
2336.5	4.78831
2337	5.11074
2337.5	5.96015
2338	6.83947
2338.5	7.28815
2339	6.86677
2339.5	5.24788
2340	2.87483
2340.5	1.69037
2341	3.33106
2341.5	7.54775
2342	11.7252
2342.5	12.7549
2343	10.2333
2343.5	6.13297
2344	3.20028
2344.5	2.60483
2345	3.27965
2345.5	3.93167
2346	4.06207
2346.5	3.89131
2347	3.66732
2347.5	3.45168
2348	3.39646
2348.5	3.84982
2349	4.81822
2349.5	5.79891
2350	6.13577
2350.5	5.46548
2351	4.25056
2351.5	3.22065
2352	2.87459
2352.5	3.1632
2353	3.45061
2353.5	3.31715
2354	2.97054
2354.5	3.06711
2355	4.05978
2355.5	5.57144
2356	6.82627
2356.5	7.14996
2357	6.42353
2357.5	5.219
2358	4.12507
2358.5	3.50826
2359	3.41525
2359.5	3.48368
2360	3.4023
2360.5	3.12984
2361	2.96518
2361.5	3.13624
2362	3.42347
2362.5	3.46203
2363	3.14385
2363.5	2.84488
2364	2.90888
2364.5	3.32804
2365	3.83811
2365.5	4.23461
2366	4.50478
2366.5	4.59318
2367	4.41107
2367.5	4.08042
2368	3.96501
2368.5	4.21085
2369	4.49897
2369.5	4.16834
2370	3.13833
2370.5	1.90884
2371	1.13368
2371.5	1.18121
2372	1.78703
2372.5	2.54173
2373	3.18598
2373.5	3.65508
2374	3.94037
2374.5	3.96686
2375	3.67429
2375.5	3.17435
2376	2.84361
2376.5	2.98882
2377	3.55316
2377.5	4.15336
2378	4.44312
2378.5	4.49007
2379	4.47835
2379.5	4.41454
2380	4.06813
2380.5	3.40599
2381	2.69809
2381.5	2.16114
2382	1.72692
2382.5	1.26685
2383	1.04315
2383.5	1.51832
2384	2.81603
2384.5	4.14388
2385	4.72081
2385.5	4.51733
2386	4.17635
2386.5	4.29
2387	4.62976
2387.5	4.69729
2388	4.40797
2388.5	4.29354
2389	4.56275
2389.5	4.74564
2390	4.22899
2390.5	3.04582
2391	2.168
2391.5	2.21487
2392	2.80716
2392.5	2.98639
2393	2.41428
2393.5	1.66702
2394	1.39518
2394.5	1.69766
2395	2.08418
2395.5	2.33055
2396	2.57086
2396.5	2.87105
2397	2.98282
2397.5	2.78364
2398	2.53664
2398.5	2.63738
2399	3.07764
2399.5	3.4565
2400	3.59476
2400.5	3.60591
2401	3.6306
2401.5	3.55519
2402	3.26887
2402.5	2.90998
2403	2.7225
2403.5	2.71098
2404	2.72671
2404.5	2.76336
2405	3.00463
2405.5	3.51102
2406	4.03583
2406.5	4.35186
2407	4.40779
2407.5	4.25323
2408	3.86728
2408.5	3.24259
2409	2.61284
2409.5	2.43627
2410	2.90339
2410.5	3.90377
2411	5.16514
2411.5	6.32612
2412	6.91332
2412.5	6.61
2413	5.51683
2413.5	4.30837
2414	3.76856
2414.5	3.91258
2415	4.13604
2415.5	3.84728
2416	3.29621
2416.5	3.05983
2417	3.18673
2417.5	3.09578
2418	2.23339
2418.5	1.12002
2419	0.788153
2419.5	1.76438
2420	3.4729
2420.5	4.63915
2421	4.63594
2421.5	3.71035
2422	2.80107
2422.5	2.64011
2423	3.24012
2423.5	4.15363
2424	4.75962
2424.5	4.77021
2425	4.45119
2425.5	4.2466
2426	4.33216
2426.5	4.46374
2427	4.45117
2427.5	4.4492
2428	4.7293
2428.5	5.13056
2429	5.16834
2429.5	4.77649
2430	4.43519
2430.5	4.68341
2431	5.0981
2431.5	4.82238
2432	3.65107
2432.5	2.50563
2433	2.5479
2433.5	3.77744
2434	5.19061
2434.5	5.60367
2435	5.14163
2435.5	4.74169
2436	4.99633
2436.5	5.62717
2437	5.64728
2437.5	4.56276
2438	2.86205
2438.5	1.51732
2439	1.29879
2439.5	1.96598
2440	2.78556
2440.5	3.00845
2441	2.38096
2441.5	1.38458
2442	0.521856
2442.5	0.0408068
2443	-0.172515
2443.5	-0.398152
2444	-0.602563
2444.5	-0.485337
2445	0.243915
2445.5	1.45032
2446	2.69931
2446.5	3.61371
2447	4.03163
2447.5	3.95898
2448	3.52716
2448.5	2.97546
2449	2.60136
2449.5	2.45713
2450	2.14386
2450.5	1.45473
2451	0.746092
2451.5	0.912102
2452	2.26189
2452.5	4.14984
2453	5.49617
2453.5	5.6488
2454	5.03473
2454.5	4.47085
2455	4.53322
2455.5	5.21223
2456	5.75114
2456.5	5.50754
2457	4.50297
2457.5	3.56097
2458	3.73944
2458.5	4.81049
2459	5.57478
2459.5	5.05317
2460	3.52128
2460.5	2.30447
2461	2.10761
2461.5	2.55924
2462	2.91112
2462.5	3.01327
2463	3.05386
2463.5	3.03876
2464	2.89674
2464.5	3.13893
2465	4.37308
2465.5	6.39841
2466	7.85939
2466.5	7.31812
2467	5.26135
2467.5	3.46532
2468	3.37903
2468.5	4.76338
2469	6.01854
2469.5	6.00511
2470	4.84912
2470.5	3.62765
2471	3.11987
2471.5	3.21655
2472	3.26662
2472.5	2.7253
2473	2.05945
2473.5	2.02144
2474	2.83543
2474.5	3.75705
2475	3.67087
2475.5	2.67788
2476	1.78265
2476.5	1.88842
2477	2.68742
2477.5	3.16152
2478	2.87054
2478.5	2.29313
2479	2.03423
2479.5	1.9283
2480	1.46775
2480.5	0.487675
2481	-0.379413
2481.5	-0.396173
2482	0.669701
2482.5	2.54021
2483	4.53467
2483.5	5.866
2484	6.16201
2484.5	5.50601
2485	4.40669
2485.5	3.47879
2486	2.86747
2486.5	2.37166
2487	1.89869
2487.5	1.79484
2488	2.46872
2488.5	3.84351
2489	5.09394
2489.5	5.18051
2490	4.044
2490.5	2.51525
2491	1.78984
2491.5	2.49233
2492	3.8192
2492.5	4.72285
2493	4.54234
2493.5	3.41657
2494	2.361
2494.5	2.12393
2495	2.82058
2495.5	3.95322
2496	4.79617
2496.5	5.11562
2497	5.1346
2497.5	5.12516
2498	5.14809
2498.5	5.15031
2499	5.1557
2499.5	5.1841
2500	5.06648
2500.5	4.61386
2501	3.8833
2501.5	3.21433
2502	3.0185
2502.5	3.3384
2503	4.02026
2503.5	4.82011
2504	5.45534
2504.5	5.83158
2505	6.08732
2505.5	6.35798
2506	6.47931
2506.5	5.97871
2507	4.84909
2507.5	3.63239
2508	2.9836
2508.5	2.9592
2509	3.04615
2509.5	3.02758
2510	3.18119
2510.5	3.82551
2511	4.7225
2511.5	5.4281
2512	5.66886
2512.5	5.32351
2513	4.46085
2513.5	3.44733
2514	3.09064
2514.5	4.04531
2515	5.58996
2515.5	6.33252
2516	5.40694
2516.5	3.25963
2517	1.58908
2517.5	1.36593
2518	2.57213
2518.5	4.43696
2519	5.67744
2519.5	5.52325
2520	4.05281
2520.5	2.17929
2521	1.19174
2521.5	1.40716
2522	2.22918
2522.5	3.03487
2523	3.58953
2523.5	3.91427
2524	3.92294
2524.5	3.67008
2525	3.52753
2525.5	3.76485
2526	4.06806
2526.5	3.95678
2527	3.48808
2527.5	3.31919
2528	3.73131
2528.5	4.35117
2529	4.64146
2529.5	4.63852
2530	4.70085
2530.5	4.83408
2531	4.64812
2531.5	3.84515
2532	2.64619
2532.5	1.35833
2533	0.239614
2533.5	-0.353334
2534	-0.108499
2534.5	1.05189
2535	2.82546
2535.5	4.60523
2536	5.78
2536.5	5.96834
2537	4.95891
2537.5	2.9699
2538	1.12607
2538.5	0.537189
2539	1.3539
2539.5	2.64243
2540	2.99527
2540.5	2.19796
2541	1.19703
2541.5	1.08577
2542	2.31119
2542.5	4.10245
2543	5.4024
2543.5	5.51418
2544	4.41838
2544.5	3.1094
2545	2.66864
2545.5	3.4486
2546	4.86424
2546.5	5.90531
2547	6.22844
2547.5	6.06575
2548	5.50188
2548.5	4.21142
2549	2.36309
2549.5	1.09236
2550	1.75431
2550.5	4.35975
2551	7.1422
2551.5	8.35392
2552	7.50008
2552.5	5.56206
2553	3.88452
2553.5	3.17553
2554	3.61107
2554.5	4.61724
2555	5.06361
2555.5	4.26183
2556	2.62197
2556.5	1.73895
2557	2.48312
2557.5	3.89396
2558	4.39042
2558.5	3.30505
2559	2.0137
2559.5	1.60651
2560	1.73467
2560.5	1.19314
2561	-0.186885
2561.5	-0.976341
2562	-0.147837
2562.5	1.94693
2563	3.72034
2563.5	4.53224
2564	4.98862
2564.5	5.81848
2565	6.91433
2565.5	7.4486
2566	7.18823
2566.5	6.48354
2567	5.75776
2567.5	5.02112
2568	4.26525
2568.5	3.81299
2569	4.08269
2569.5	4.85591
2570	5.40009
2570.5	5.4363
2571	5.36877
2571.5	5.83237
2572	6.4226
2572.5	6.27238
2573	5.00674
2573.5	3.48423
2574	2.97477
2574.5	3.49665
2575	4.12947
2575.5	3.96353
2576	3.40734
2576.5	3.2539
2577	3.57745
2577.5	3.67357
2578	3.13085
2578.5	2.71149
2579	3.36318
2579.5	5.32691
2580	7.4786
2580.5	8.43874
2581	7.75933
2581.5	5.98826
2582	4.41925
2582.5	3.83184
2583	4.10223
2583.5	4.70965
2584	5.23137
2584.5	5.58402
2585	5.63987
2585.5	5.1974
2586	4.38506
2586.5	3.99019
2587	4.49053
2587.5	5.64987
2588	6.73062
2588.5	7.19013
2589	6.98
2589.5	6.04421
2590	4.48027
2590.5	3.20989
2591	3.21521
2591.5	4.36042
2592	5.3212
2592.5	4.6391
2593	3.04255
2593.5	1.8945
2594	1.91976
2594.5	2.72391
2595	3.49891
2595.5	4.07156
2596	4.36925
2596.5	4.20481
2597	3.92436
2597.5	4.16235
2598	5.01698
2598.5	5.57198
2599	4.97083
2599.5	3.83332
2600	3.32893
2600.5	3.97789
2601	4.80134
2601.5	4.90443
2602	4.34637
2602.5	3.74056
2603	3.55807
2603.5	3.84507
2604	4.65794
2604.5	5.91236
2605	6.92635
2605.5	6.90178
2606	5.76128
2606.5	4.29489
2607	3.6974
2607.5	4.21124
2608	5.04205
2608.5	5.12849
2609	4.1739
2609.5	3.28734
2610	3.82484
2610.5	6.11973
2611	8.74401
2611.5	9.55079
2612	8.04674
2612.5	5.55446
2613	4.05375
2613.5	4.24116
2614	4.83655
2614.5	4.62638
2615	3.6943
2615.5	3.13023
2616	3.39385
2616.5	3.80146
2617	3.6264
2617.5	3.06526
2618	3.03319
2618.5	3.82691
2619	4.93652
2619.5	5.75871
2620	6.10162
2620.5	6.06324
2621	5.70785
2621.5	5.15583
2622	4.73589
2622.5	4.62683
2623	4.7249
2623.5	4.91452
2624	5.25405
2624.5	5.65409
2625	5.75708
2625.5	5.26127
2626	4.14878
2626.5	3.4214
2627	3.33387
2627.5	3.80114
2628	4.35025
2628.5	4.73714
2629	4.76814
2629.5	4.5583
2630	4.22533
2630.5	3.96867
2631	3.77209
2631.5	3.63537
2632	3.52384
2632.5	3.45409
2633	3.52405
2633.5	3.65841
2634	3.89346
2634.5	4.02521
2635	4.06593
2635.5	3.66949
2636	3.1095
2636.5	2.27668
2637	1.53662
2637.5	0.910982
2638	0.91726
2638.5	1.26361
2639	1.94524
2639.5	2.62425
2640	3.144
2640.5	3.27909
2641	3.2376
2641.5	3.14498
2642	3.38508
2642.5	3.73394
2643	4.20275
2643.5	4.23675
2644	4.01567
2644.5	3.26581
2645	2.6117
2645.5	2.06149
2646	2.47658
2646.5	3.24443
2647	4.44747
2647.5	5.38076
2648	6.00057
2648.5	5.77163
2649	5.11245
2649.5	4.20522
2650	3.43847
2650.5	2.85881
2651	2.53777
2651.5	2.36149
2652	2.23859
2652.5	2.19284
2653	2.36505
2653.5	2.6808
2654	3.30976
2654.5	3.84087
2655	4.21882
2655.5	4.19796
2656	4.04596
2656.5	3.79106
2657	3.70733
2657.5	3.75011
2658	4.02697
2658.5	4.35601
2659	4.7634
2659.5	5.22497
2660	5.65639
2660.5	5.82462
2661	5.63657
2661.5	5.15354
2662	4.53109
2662.5	4.15359
2663	4.27754
2663.5	4.68235
2664	5.08314
2664.5	4.72798
2665	3.84873
2665.5	2.48408
2666	1.57803
2666.5	1.10205
2667	1.495
2667.5	2.11525
2668	2.7876
2668.5	3.04745
2669	3.42918
2669.5	3.93713
2670	5.18947
2670.5	6.4548
2671	7.50638
2671.5	7.52148
2672	6.97228
2672.5	5.55772
2673	4.48191
2673.5	3.79859
2674	4.12753
2674.5	4.72347
2675	5.61321
2675.5	6.69771
2676	7.93573
2676.5	10.2767
2677	12.9338
2677.5	16.001
2678	18.0749
2678.5	19.4562
2679	19.1459
2679.5	18.5156
2680	17.7003
2680.5	17.8273
2681	17.8569
2681.5	17.7449
2682	16.0861
2682.5	13.8371
2683	10.7367
2683.5	8.34726
2684	6.45059
2684.5	6.03105
2685	5.64932
2685.5	5.29271
2686	4.72792
2686.5	4.18889
2687	4.07785
2687.5	4.17203
2688	4.42571
2688.5	4.19369
2689	3.84498
2689.5	3.3212
2690	3.3529
2690.5	3.68044
2691	4.66116
2691.5	5.56675
2692	6.40697
2692.5	6.7324
2693	6.91953
2693.5	6.89963
2694	6.5831
2694.5	6.07256
2695	4.95014
2695.5	3.73995
2696	2.44436
2696.5	1.89513
2697	1.71985
2697.5	2.24073
2698	2.85602
2698.5	3.48918
2699	3.8562
2699.5	4.13206
2700	4.30869
2700.5	4.1964
2701	3.9675
2701.5	3.53435
2702	3.40144
2702.5	3.46497
2703	4.25029
2703.5	4.99311
2704	5.68421
2704.5	5.65562
2705	5.38615
2705.5	4.77044
2706	4.31282
2706.5	3.9554
2707	3.90371
2707.5	3.8823
2708	3.9022
2708.5	3.89861
2709	3.89829
2709.5	3.9297
2710	4.13136
2710.5	4.44381
2711	5.04363
2711.5	5.64314
2712	6.24214
2712.5	6.7608
2713	7.20732
2713.5	7.42882
2714	7.09627
2714.5	6.35963
2715	4.86709
2715.5	3.76434
2716	3.37031
2716.5	4.34258
2717	5.69199
2717.5	6.76645
2718	6.90109
2718.5	6.26778
2719	5.28516
2719.5	4.51523
2720	4.19958
2720.5	3.79716
2721	3.33535
2721.5	2.68354
2722	2.42274
2722.5	2.51943
2723	2.95892
2723.5	3.18792
2724	2.88218
2724.5	2.34531
2725	1.80955
2725.5	2.15142
2726	2.87284
2726.5	3.9824
2727	4.55798
2727.5	4.81747
2728	4.44613
2728.5	4.05855
2729	3.68316
2729.5	3.56457
2730	3.34624
2730.5	3.01387
2731	2.57959
2731.5	2.29212
2732	2.48093
2732.5	3.18547
2733	4.16652
2733.5	5.11496
2734	5.6657
2734.5	5.70729
2735	4.94299
2735.5	4.02698
2736	3.1446
2736.5	2.91661
2737	3.08987
2737.5	3.45763
2738	3.45754
2738.5	2.92941
2739	2.51237
2739.5	2.37584
2740	3.25742
2740.5	4.11355
2741	4.95227
2741.5	4.47133
2742	3.95519
2742.5	3.40757
2743	3.75658
2743.5	4.37377
2744	5.044
2744.5	5.22762
2745	5.03796
2745.5	4.62939
2746	4.4358
2746.5	4.64971
2747	5.25
2747.5	5.93228
2748	6.33179
2748.5	6.2978
2749	5.89149
2749.5	5.24517
2750	4.76384
2750.5	4.65829
2751	4.80509
2751.5	5.02867
2752	5.09343
2752.5	5.14776
2753	5.19205
2753.5	5.57816
2754	6.08119
2754.5	6.77383
2755	7.34379
2755.5	7.81667
2756	7.84403
2756.5	7.59059
2757	7.03545
2757.5	6.05893
2758	5.01614
2758.5	3.95486
2759	3.36335
2759.5	3.07645
2760	3.86479
2760.5	4.79364
2761	5.89135
2761.5	6.35826
2762	6.57818
2762.5	6.3794
2763	6.47345
2763.5	6.74233
2764	7.26213
2764.5	7.42363
2765	7.1027
2765.5	6.12802
2766	5.11643
2766.5	4.49203
2767	4.46742
2767.5	4.82745
2768	5.24296
2768.5	5.39275
2769	5.14105
2769.5	4.66096
2770	4.15218
2770.5	3.77842
2771	3.3923
2771.5	2.99727
2772	2.66651
2772.5	2.6073
2773	3.00714
2773.5	4.04864
2774	5.27302
2774.5	6.42062
2775	7.01449
2775.5	7.16177
2776	6.11333
2776.5	4.86863
2777	3.37306
2777.5	2.68149
2778	2.46746
2778.5	3.51379
2779	4.45366
2779.5	5.29746
2780	4.92823
2780.5	4.36614
2781	3.61351
2781.5	3.63647
2782	4.05599
2782.5	5.15294
2783	6.05312
2783.5	6.7547
2784	6.60536
2784.5	6.17509
2785	5.30159
2785.5	4.45199
2786	3.6347
2786.5	3.07675
2787	2.67628
2787.5	2.45359
2788	2.45823
2788.5	2.45167
2789	2.31049
2789.5	2.20544
2790	2.188
2790.5	3.54708
2791	5.38388
2791.5	7.82433
2792	8.92653
2792.5	9.21954
2793	7.68745
2793.5	6.24407
2794	4.87919
2794.5	4.79054
2795	4.70441
2795.5	4.62186
2796	4.22772
2796.5	3.82841
2797	3.69974
2797.5	3.67006
2798	3.70718
2798.5	3.85647
2799	4.24704
2799.5	5.02009
2800	5.76077
2800.5	6.32673
2801	6.11045
2801.5	5.79872
2802	5.41474
2802.5	5.81473
2803	6.1689
2803.5	6.3877
2804	5.68637
2804.5	4.6426
2805	3.3689
2805.5	2.78069
2806	2.77365
2806.5	3.71559
2807	4.73056
2807.5	5.76121
2808	6.6453
2808.5	7.4478
2809	8.05897
2809.5	8.2694
2810	8.09972
2810.5	7.14695
2811	6.08706
2811.5	4.96377
2812	4.07351
2812.5	3.30644
2813	2.7557
2813.5	2.4207
2814	2.31452
2814.5	2.89434
2815	3.73255
2815.5	5.00665
2816	6.21357
2816.5	7.31102
2817	7.27473
2817.5	6.63345
2818	5.27434
2818.5	4.30345
2819	3.78328
2819.5	4.43647
2820	5.08852
2820.5	5.69127
2821	4.95265
2821.5	4.2169
2822	3.48499
2822.5	3.73777
2823	4.13183
2823.5	4.2776
2824	3.75363
2824.5	2.81162
2825	2.6353
2825.5	3.04795
2826	4.33872
2826.5	4.80205
2827	4.70728
2827.5	3.14082
2828	1.88918
2828.5	0.861162
2829	1.39836
2829.5	1.95002
2830	2.46995
2830.5	2.72918
2831	3.0587
2831.5	4.15747
2832	5.50859
2832.5	7.06059
2833	7.5617
2833.5	7.48062
2834	6.39928
2834.5	4.77607
2835	3.00727
2835.5	1.52699
2836	0.711715
2836.5	0.488972
2837	1.49898
2837.5	2.7587
2838	4.33467
2838.5	5.74182
2839	7.02108
2839.5	7.80015
2840	8.28921
2840.5	8.48925
2841	8.20087
2841.5	7.69262
2842	6.78534
2842.5	5.79943
2843	4.82199
2843.5	4.3704
2844	4.0759
2844.5	3.95647
2845	3.32538
2845.5	2.51584
2846	1.42372
2846.5	0.765919
2847	0.394411
2847.5	1.12537
2848	2.19603
2848.5	3.69034
2849	4.83285
2849.5	5.53286
2850	5.00352
2850.5	3.96976
2851	2.65897
2851.5	2.27655
2852	2.27192
2852.5	2.79538
2853	3.22796
2853.5	3.67224
2854	4.2431
2854.5	5.03557
2855	5.97561
2855.5	6.1348
2856	5.78129
2856.5	4.62936
2857	3.56774
2857.5	2.79307
2858	3.22903
2858.5	4.46862
2859	6.30868
2859.5	7.95809
2860	9.02145
2860.5	9.05982
2861	8.07782
2861.5	6.80927
2862	5.78742
2862.5	5.28763
2863	5.22473
2863.5	5.37396
2864	5.35221
2864.5	4.96068
2865	4.12466
2865.5	3.13847
2866	2.26905
2866.5	1.877
2867	1.93188
2867.5	2.71163
2868	3.47005
2868.5	4.01852
2869	3.91453
2869.5	3.48258
2870	2.5894
2870.5	1.91732
2871	1.47677
2871.5	2.12885
2872	3.07984
2872.5	4.43219
2873	5.06972
2873.5	5.26481
2874	4.14548
2874.5	3.10542
2875	2.1582
2875.5	2.09852
2876	2.17943
2876.5	2.23047
2877	2.03555
2877.5	1.73047
2878	2.07815
2878.5	2.67847
2879	3.61014
2879.5	3.86397
2880	3.83691
2880.5	3.32081
2881	3.35083
2881.5	3.72818
2882	4.75052
2882.5	5.44416
2883	5.65429
2883.5	5.37873
2884	5.1119
2884.5	5.39039
2885	5.89122
2885.5	6.5479
2886	6.39197
2886.5	5.97377
2887	5.14585
2887.5	4.60924
2888	4.24506
2888.5	4.31423
2889	4.49058
2889.5	4.75114
2890	5.28741
2890.5	5.8707
2891	6.51724
2891.5	6.73931
2892	6.71235
2892.5	6.04398
2893	5.29804
2893.5	4.48388
2894	4.07336
2894.5	3.84131
2895	3.91917
2895.5	4.12313
2896	4.37339
2896.5	4.59222
2897	4.75453
2897.5	4.86124
2898	4.84842
2898.5	4.84231
2899	4.88499
2899.5	5.26089
2900	5.8137
2900.5	6.65133
2901	7.13212
2901.5	7.22036
2902	6.36635
2902.5	5.4624
2903	4.80852
2903.5	5.02953
2904	5.70552
2904.5	6.43582
2905	6.60709
2905.5	6.09018
2906	5.29247
2906.5	4.65088
2907	4.68062
2907.5	4.84457
2908	5.06931
2908.5	4.63442
2909	4.21259
2909.5	3.80878
2910	4.02118
2910.5	4.38167
2911	4.77217
2911.5	4.76348
2912	4.49253
2912.5	4.15805
2913	4.07449
2913.5	4.37975
2914	4.9691
2914.5	5.61197
2915	6.1488
2915.5	6.63032
2916	7.07106
2916.5	7.32806
2917	7.32211
2917.5	6.86744
2918	5.85988
2918.5	4.73447
2919	3.92912
2919.5	3.70288
2920	3.95501
2920.5	4.27341
2921	4.2451
2921.5	3.52494
2922	2.57266
2922.5	1.68712
2923	1.86456
2923.5	2.63544
2924	3.95482
2924.5	5.09789
2925	6.00669
2925.5	6.42753
2926	6.42168
2926.5	6.16271
2927	5.22902
2927.5	4.06974
2928	2.67728
2928.5	2.02982
2929	1.83792
2929.5	2.56884
2930	3.40362
2930.5	4.24245
2931	4.46535
2931.5	4.66449
2932	4.83619
2932.5	5.32112
2933	5.76435
2933.5	5.93112
2934	5.62735
2934.5	5.06739
2935	4.51983
2935.5	4.2463
2936	4.32745
2936.5	4.76905
2937	5.29835
2937.5	5.87601
2938	6.3756
2938.5	6.8215
2939	6.85637
2939.5	6.64562
2940	6.07837
2940.5	5.36196
2941	4.69661
2941.5	4.3898
2942	4.4653
2942.5	4.80521
2943	5.38399
2943.5	5.88826
2944	6.26524
2944.5	6.31922
2945	6.22058
2945.5	5.83386
2946	5.32737
2946.5	4.72798
2947	4.19024
2947.5	3.83454
2948	3.80889
2948.5	4.30617
2949	5.01285
2949.5	5.91341
2950	6.48266
2950.5	6.76425
2951	6.29981
2951.5	5.70184
2952	4.94311
2952.5	4.46247
2953	4.14347
2953.5	4.23859
2954	4.40865
2954.5	4.6515
2955	4.56441
2955.5	4.19338
2956	3.233
2956.5	2.01743
2957	0.767177
2957.5	0.374896
2958	0.809367
2958.5	2.14171
2959	4.03387
2959.5	5.6563
2960	6.32216
2960.5	5.92071
2961	4.96974
2961.5	3.91829
2962	3.46036
2962.5	3.72364
2963	4.78303
2963.5	5.93888
2964	6.94096
2964.5	7.47609
2965	7.72549
2965.5	7.40868
2966	6.90997
2966.5	6.16366
2967	5.08074
2967.5	3.90304
2968	2.65184
2968.5	1.76649
2969	1.11951
2969.5	1.56628
2970	2.2867
2970.5	3.4253
2971	4.35839
2971.5	5.09903
2972	5.2301
2972.5	5.14494
2973	4.90241
2973.5	4.80878
2974	4.70234
2974.5	4.56683
2975	4.03612
2975.5	3.35188
2976	2.50523
2976.5	2.05971
2977	1.94126
2977.5	2.7557
2978	3.68509
2978.5	4.73293
2979	5.33706
2979.5	5.71739
2980	5.66992
2980.5	5.54813
2981	5.35854
2981.5	5.05955
2982	4.7408
2982.5	4.40017
2983	4.33888
2983.5	4.44581
2984	5.01772
2984.5	5.52073
2985	5.95344
2985.5	5.78322
2986	5.44097
2986.5	4.85388
2987	4.49454
2987.5	4.2746
2988	4.45496
2988.5	4.62545
2989	4.78472
2989.5	4.66576
2990	4.44782
2990.5	4.07222
2991	3.72284
2991.5	3.39614
2992	3.25347
2992.5	3.18911
2993	3.2248
2993.5	3.22901
2994	3.17587
2994.5	2.94978
2995	2.709
2995.5	2.46586
2996	2.60969
2996.5	2.91563
2997	3.45375
2997.5	3.90009
2998	4.24409
2998.5	4.26735
2999	4.27484
2999.5	4.27157
3000	4.65618
3000.5	5.11864
3001	5.69933
3001.5	6.06207
3002	6.30019
3002.5	6.23845
3003	6.12018
3003.5	5.95863
3004	5.78112
3004.5	5.52615
3005	5.13178
3005.5	4.51076
3006	3.80959
3006.5	3.08189
3007	2.56612
3007.5	2.23198
3008	2.44986
3008.5	2.81962
3009	3.41991
3009.5	3.87796
3010	4.22399
3010.5	4.13496
3011	3.96707
3011.5	3.72357
3012	3.85616
3012.5	4.14217
3013	4.69482
3013.5	5.02293
3014	5.18774
3014.5	4.68891
3015	4.09185
3015.5	3.38945
3016	3.1467
3016.5	3.08609
3017	3.34141
3017.5	3.44902
3018	3.46185
3018.5	3.15272
3019	2.95438
3019.5	2.88893
3020	3.26606
3020.5	3.71072
3021	4.12081
3021.5	4.13131
3022	3.90399
3022.5	3.34806
3023	2.94537
3023.5	2.74859
3024	2.89113
3024.5	3.06841
3025	3.1032
3025.5	2.89338
3026	2.52795
3026.5	2.35247
3027	2.46974
3027.5	3.02837
3028	3.84434
3028.5	4.60589
3029	4.8412
3029.5	4.50664
3030	3.76279
3030.5	2.79155
3031	2.08823
3031.5	1.84882
3032	2.30187
3032.5	3.01001
3033	3.94271
3033.5	4.6879
3034	5.28218
3034.5	5.53535
3035	5.74352
3035.5	5.90095
3036	6.04381
3036.5	6.15517
3037	6.09325
3037.5	5.93917
3038	5.7021
3038.5	5.61085
3039	5.65229
3039.5	5.95497
3040	6.38044
3040.5	6.82894
3041	7.04189
3041.5	7.00841
3042	6.72674
3042.5	6.08491
3043	5.33411
3043.5	4.42028
3044	3.40714
3044.5	2.34519
3045	1.25453
3045.5	0.301853
3046	-0.4954
3046.5	-0.695217
3047	-0.594338
3047.5	0.0991275
3048	1.14357
3048.5	2.37673
3049	3.66172
3049.5	4.75651
3050	5.61151
3050.5	5.85011
3051	5.80668
3051.5	5.22521
3052	4.49271
3052.5	3.67902
3053	3.31735
3053.5	3.28325
3054	3.71213
3054.5	4.52495
3055	5.38638
3055.5	6.08248
3056	6.36025
3056.5	6.35633
3057	5.68436
3057.5	4.90776
3058	3.9736
3058.5	3.19602
3059	2.53322
3059.5	2.20377
3060	2.09342
3060.5	2.14858
3061	2.42705
3061.5	2.71599
3062	3.00876
3062.5	3.15958
3063	3.23032
3063.5	3.10717
3064	2.94686
3064.5	2.75511
3065	2.63282
3065.5	2.5322
3066	2.4659
3066.5	2.33804
3067	2.16809
3067.5	1.85983
3068	1.54012
3068.5	1.20958
3069	1.10453
3069.5	1.14684
3070	1.47629
3070.5	2.05619
3071	2.7553
3071.5	3.55711
3072	4.25852
3072.5	4.85369
3073	5.11684
3073.5	5.24402
3074	5.13141
3074.5	4.88128
3075	4.55579
3075.5	4.12204
3076	3.66182
3076.5	3.17025
3077	2.78508
3077.5	2.52227
3078	2.57678
3078.5	3.01912
3079	3.69383
3079.5	4.78318
3080	5.80608
3080.5	6.74092
3081	7.17745
3081.5	7.38192
3082	7.13685
3082.5	6.75426
3083	6.2855
3083.5	5.88973
3084	5.49925
3084.5	5.11662
3085	4.64601
3085.5	4.15681
3086	3.68418
3086.5	3.45078
3087	3.38693
3087.5	3.89203
3088	4.50546
3088.5	5.28039
3089	5.87549
3089.5	6.32493
3090	6.30412
3090.5	6.04729
3091	5.60295
3091.5	5.03728
3092	4.48708
3092.5	3.97773
3093	3.60586
3093.5	3.32284
3094	3.3006
3094.5	3.45705
3095	3.77237
3095.5	4.23359
3096	4.61436
3096.5	4.79697
3097	4.60947
3097.5	4.2378
3098	3.57487
3098.5	2.98456
3099	2.46644
3099.5	2.34239
3100	2.32614
3100.5	2.46145
3101	2.50506
3101.5	2.48888
3102	2.26813
3102.5	2.13627
3103	2.10323
3103.5	2.53302
3104	3.16519
3104.5	4.16844
3105	5.11002
3105.5	5.98807
3106	6.28557
3106.5	6.23973
3107	5.76662
3107.5	4.92866
3108	4.04129
3108.5	3.21962
3109	2.66219
3109.5	2.27481
3110	2.47877
3110.5	2.87963
3111	3.5551
3111.5	4.44849
3112	5.37421
3112.5	6.23022
3113	6.8375
3113.5	7.27953
3114	7.20183
3114.5	6.96576
3115	6.48549
3115.5	5.99757
3116	5.55033
3116.5	5.30012
3117	5.24555
3117.5	5.33681
3118	5.59827
3118.5	5.86718
3119	6.13911
3119.5	6.2702
3120	6.30985
3120.5	6.08982
3121	5.66286
3121.5	5.06308
3122	4.13768
3122.5	3.18945
3123	2.23763
3123.5	1.5754
3124	1.11533
3124.5	1.32838
3125	1.85237
3125.5	2.66686
3126	3.64656
3126.5	4.51875
3127	5.11042
3127.5	5.30241
3128	5.28751
3128.5	4.93016
3129	4.63968
3129.5	4.41905
3130	4.54374
3130.5	4.79843
3131	5.27254
3131.5	5.64476
3132	5.93443
3132.5	5.7641
3133	5.35682
3133.5	4.67261
3134	3.8562
3134.5	3.09082
3135	2.5456
3135.5	2.33958
3136	2.33914
3136.5	2.79355
3137	3.33044
3137.5	3.97525
3138	4.49678
3138.5	4.90908
3139	5.02857
3139.5	4.93771
3140	4.71422
3140.5	4.33272
3141	3.98702
3141.5	3.69387
3142	3.56394
3142.5	3.51632
3143	3.64071
3143.5	3.82712
3144	4.05693
3144.5	4.34107
3145	4.65166
3145.5	5.00435
3146	5.38855
3146.5	5.76216
3147	6.03583
3147.5	6.11864
3148	6.05181
3148.5	5.53272
3149	4.89655
3149.5	4.08205
3150	3.36755
3150.5	2.76793
3151	2.67007
3151.5	2.85125
3152	3.27733
3152.5	3.88289
3153	4.39674
3153.5	4.68713
3154	4.56441
3154.5	4.2384
3155	3.59532
3155.5	2.99768
3156	2.44465
3156.5	2.35963
3157	2.47579
3157.5	2.9497
3158	3.63979
3158.5	4.42322
3159	5.1536
3159.5	5.74907
3160	6.19643
3160.5	6.38938
3161	6.47595
3161.5	6.37227
3162	6.1354
3162.5	5.82008
3163	5.33433
3163.5	4.78875
3164	4.16969
3164.5	3.53814
3165	2.94455
3165.5	2.48028
3166	2.19014
3166.5	2.01094
3167	2.18237
3167.5	2.44266
3168	2.82521
3168.5	3.23314
3169	3.60905
3169.5	3.84251
3170	3.85581
3170.5	3.7248
3171	3.28154
3171.5	2.76701
3172	2.14307
3172.5	1.60004
3173	1.14469
3173.5	0.985874
3174	1.07509
3174.5	1.34681
3175	1.96864
3175.5	2.63934
3176	3.3766
3176.5	4.0268
3177	4.61545
3177.5	5.01724
3178	5.30357
3178.5	5.49472
3179	5.55245
3179.5	5.55565
3180	5.46756
3180.5	5.24626
3181	4.94914
3181.5	4.46514
3182	3.9204
3182.5	3.31963
3183	2.78171
3183.5	2.32461
3184	2.03503
3184.5	1.94891
3185	1.96241
3185.5	2.10344
3186	2.22972
3186.5	2.34078
3187	2.35943
3187.5	2.35517
3188	2.3225
3188.5	2.34384
3189	2.39893
3189.5	2.55804
3190	2.70875
3190.5	2.84976
3191	2.8223
3191.5	2.72032
3192	2.48023
3192.5	2.22596
3193	1.97304
3193.5	1.92713
3194	2.04408
3194.5	2.37138
3195	2.86279
3195.5	3.3651
3196	3.78987
3196.5	4.01711
3197	4.11851
3197.5	3.89855
3198	3.63346
3198.5	3.30299
3199	3.07135
3199.5	2.90065
3200	2.87908
3200.5	2.87028
3201	2.87031
3201.5	2.66423
3202	2.36389
3202.5	1.9148
3203	1.39071
3203.5	0.879409
3204	0.537728
3204.5	0.466921
3205	0.605728
3205.5	1.20019
3206	1.90985
3206.5	2.79451
3207	3.64102
3207.5	4.43098
3208	4.95593
3208.5	5.21612
3209	5.24694
3209.5	4.94107
3210	4.5314
3210.5	3.95826
3211	3.36324
3211.5	2.77133
3212	2.27044
3212.5	1.84643
3213	1.49693
3213.5	1.25783
3214	1.06199
3214.5	0.940313
3215	0.876978
3215.5	0.851028
3216	0.945845
3216.5	1.10671
3217	1.33917
3217.5	1.66058
3218	1.99373
3218.5	2.32397
3219	2.57931
3219.5	2.78515
3220	2.80289
3220.5	2.76498
3221	2.65956
3221.5	2.53161
3222	2.41436
3222.5	2.34373
3223	2.31511
3223.5	2.31127
3224	2.32912
3224.5	2.343
3225	2.3515
3225.5	2.39513
3226	2.47585
3226.5	2.66479
3227	2.9529
3227.5	3.30526
3228	3.71617
3228.5	4.05328
3229	4.27791
3229.5	4.15367
3230	3.84874
3230.5	3.15478
3231	2.32371
3231.5	1.39307
3232	0.642648
3232.5	0.0858268
3233	-0.147096
3233.5	0.138689
3234	0.673293
3234.5	1.67675
3235	2.77884
3235.5	3.96119
3236	4.96543
3236.5	5.81845
3237	6.39796
3237.5	6.62571
3238	6.66418
3238.5	6.28262
3239	5.76881
3239.5	5.1346
3240	4.445
3240.5	3.80546
3241	3.28707
3241.5	2.98863
3242	2.82018
3242.5	2.99573
3243	3.27421
3243.5	3.6575
3244	4.02512
3244.5	4.315
3245	4.41402
3245.5	4.32716
3246	4.13966
3246.5	3.79152
3247	3.45219
3247.5	3.12288
3248	2.9071
3248.5	2.73885
3249	2.65569
3249.5	2.56868
3250	2.47609
3250.5	2.30899
3251	2.13356
3251.5	1.94751
3252	1.89438
3252.5	1.93235
3253	2.18862
3253.5	2.63061
3254	3.18606
3254.5	3.79735
3255	4.32414
3255.5	4.73013
3256	4.78266
3256.5	4.68181
3257	4.30836
3257.5	3.86541
3258	3.37514
3258.5	3.06713
3259	2.88159
3259.5	2.88954
3260	3.10772
3260.5	3.40381
3261	3.78604
3261.5	4.1037
3262	4.37206
3262.5	4.43418
3263	4.39971
3263.5	4.20536
3264	3.91602
3264.5	3.59201
3265	3.25008
3265.5	2.95681
3266	2.70517
3266.5	2.58699
3267	2.52611
3267.5	2.56314
3268	2.67308
3268.5	2.80792
3269	2.91889
3269.5	2.95644
3270	2.92375
3270.5	2.68254
3271	2.36965
3271.5	1.94023
3272	1.51179
3272.5	1.10124
3273	0.869842
3273.5	0.789787
3274	0.87161
3274.5	1.14456
3275	1.45323
3275.5	1.7861
3276	1.97767
3276.5	2.08227
3277	1.936
3277.5	1.71538
3278	1.4058
3278.5	1.19814
3279	1.09983
3279.5	1.28428
3280	1.76062
3280.5	2.41405
3281	3.41441
3281.5	4.4164
3282	5.42055
3282.5	6.13844
3283	6.66492
3283.5	6.72229
3284	6.34895
3284.5	5.69876
3285	4.62743
3285.5	3.50127
3286	2.29261
3286.5	1.24987
3287	0.329143
3287.5	-0.251224
3288	-0.569785
3288.5	-0.700731
3289	-0.463451
3289.5	-0.142517
3290	0.305292
3290.5	0.747646
3291	1.17009
3291.5	1.49698
3292	1.73742
3292.5	1.90844
3293	1.99458
3293.5	2.07396
3294	2.14914
3294.5	2.26256
3295	2.39963
3295.5	2.6026
3296	2.82509
3296.5	3.06512
3297	3.30569
3297.5	3.53825
3298	3.75329
3298.5	3.94581
3299	4.12581
3299.5	4.27713
3300	4.4002
3300.5	4.49487
3301	4.4716
3301.5	4.37612
3302	4.13664
3302.5	3.74243
3303	3.26144
3303.5	2.60377
3304	1.91587
3304.5	1.19399
3305	0.592801
3305.5	0.0862527
3306	-0.203986
3306.5	-0.256014
3307	-0.164773
3307.5	0.265268
3308	0.752018
3308.5	1.31011
3309	1.81803
3309.5	2.26892
3310	2.56304
3310.5	2.68305
3311	2.69593
3311.5	2.55821
3312	2.41153
3312.5	2.25222
3313	2.16752
3313.5	2.1312
3314	2.21529
3314.5	2.3395
3315	2.49067
3315.5	2.60486
3316	2.66933
3316.5	2.65546
3317	2.50027
3317.5	2.2868
3318	1.98557
3318.5	1.67686
3319	1.36253
3319.5	1.12077
3320	0.936187
3320.5	0.84896
3321	0.886407
3321.5	0.987956
3322	1.22379
3322.5	1.54324
3323	1.93327
3323.5	2.46744
3324	3.04961
3324.5	3.70909
3325	4.38239
3325.5	5.04894
3326	5.62758
3326.5	6.09049
3327	6.44411
3327.5	6.46978
3328	6.37
3328.5	6.05754
3329	5.5966
3329.5	5.06398
3330	4.45931
3330.5	3.88294
3331	3.33644
3331.5	2.91597
3332	2.55249
3332.5	2.29411
3333	2.1167
3333.5	1.98529
3334	1.94246
3334.5	1.943
3335	1.99478
3335.5	2.11691
3336	2.26715
3336.5	2.46594
3337	2.67706
3337.5	2.89324
3338	3.06046
3338.5	3.17242
3339	3.21125
3339.5	3.14178
3340	3.02954
3340.5	2.84693
3341	2.65514
3341.5	2.45806
3342	2.32382
3342.5	2.23069
3343	2.19854
3343.5	2.21838
3344	2.25296
3344.5	2.2939
3345	2.31139
3345.5	2.31231
3346	2.26791
3346.5	2.22726
3347	2.19441
3347.5	2.23542
3348	2.32416
3348.5	2.54379
3349	2.8558
3349.5	3.24104
3350	3.73422
3350.5	4.23224
3351	4.72918
3351.5	5.13812
3352	5.49023
3352.5	5.67586
3353	5.74591
3353.5	5.71342
3354	5.49743
3354.5	5.2151
3355	4.82311
3355.5	4.37549
3356	3.90332
3356.5	3.41312
3357	2.93941
3357.5	2.48211
3358	2.10167
3358.5	1.77318
3359	1.54976
3359.5	1.45857
3360	1.44301
3360.5	1.59953
3361	1.82839
3361.5	2.13748
3362	2.51958
3362.5	2.91297
3363	3.30702
3363.5	3.64908
3364	3.959
3364.5	4.17695
3365	4.36617
3365.5	4.51972
3366	4.66745
3366.5	4.82434
3367	5.01473
3367.5	5.24013
3368	5.48626
3368.5	5.73688
3369	5.94842
3369.5	6.10555
3370	6.11725
3370.5	6.05019
3371	5.80996
3371.5	5.45701
3372	5.02934
3372.5	4.51265
3373	4.02106
3373.5	3.56929
3374	3.26822
3374.5	3.05315
3375	3.04285
3375.5	3.16766
3376	3.39298
3376.5	3.7734
3377	4.17703
3377.5	4.6125
3378	4.99145
3378.5	5.32672
3379	5.51879
3379.5	5.60175
3380	5.5938
3380.5	5.41015
3381	5.17207
3381.5	4.84804
3382	4.49703
3382.5	4.14461
3383	3.85387
3383.5	3.66169
3384	3.56137
3384.5	3.65936
3385	3.83455
3385.5	4.14118
3386	4.51907
3386.5	4.92574
3387	5.31666
3387.5	5.64609
3388	5.91141
3388.5	6.01218
3389	6.04009
3389.5	5.93523
3390	5.76834
3390.5	5.57041
3391	5.36052
3391.5	5.16702
3392	4.99261
3392.5	4.84977
3393	4.71318
3393.5	4.57947
3394	4.42607
3394.5	4.2605
3395	4.06328
3395.5	3.87391
3396	3.69482
3396.5	3.58145
3397	3.50629
3397.5	3.51709
3398	3.57781
3398.5	3.66939
3399	3.75181
3399.5	3.78423
3400	3.74347
3400.5	3.53783
3401	3.25277
3401.5	2.80948
3402	2.33776
3402.5	1.84621
3403	1.48748
3403.5	1.24327
3404	1.18403
3404.5	1.41098
3405	1.77624
3405.5	2.4111
3406	3.14409
3406.5	3.95382
3407	4.74844
3407.5	5.4753
3408	6.07764
3408.5	6.50934
3409	6.85781
3409.5	7.05373
3410	7.20997
3410.5	7.33146
3411	7.47032
3411.5	7.62772
3412	7.8214
3412.5	8.02515
3413	8.22413
3413.5	8.35341
3414	8.38868
3414.5	8.33188
3415	8.05478
3415.5	7.69404
3416	7.19158
3416.5	6.61954
3417	6.01847
3417.5	5.44515
3418	4.94273
3418.5	4.51802
3419	4.28243
3419.5	4.13232
3420	4.14132
3420.5	4.25177
3421	4.41724
3421.5	4.63265
3422	4.82109
3422.5	4.97654
3423	5.02861
3423.5	5.03133
3424	4.93755
3424.5	4.79377
3425	4.62087
3425.5	4.44644
3426	4.3027
3426.5	4.20113
3427	4.19183
3427.5	4.22434
3428	4.33598
3428.5	4.46967
3429	4.61774
3429.5	4.71146
3430	4.74709
3430.5	4.69329
3431	4.50227
3431.5	4.24948
3432	3.88562
3432.5	3.49284
3433	3.07879
3433.5	2.71582
3434	2.40283
3434.5	2.17411
3435	2.06771
3435.5	2.01976
3436	2.08072
3436.5	2.1701
3437	2.28282
3437.5	2.36009
3438	2.39965
3438.5	2.36951
3439	2.24341
3439.5	2.06948
3440	1.80829
3440.5	1.5302
3441	1.23655
3441.5	0.975099
3442	0.743869
3442.5	0.573581
3443	0.486734
3443.5	0.447496
3444	0.523627
3444.5	0.660435
3445	0.859688
3445.5	1.15606
3446	1.48886
3446.5	1.88329
3447	2.30976
3447.5	2.75082
3448	3.18296
3448.5	3.57692
3449	3.92696
3449.5	4.13609
3450	4.26649
3450.5	4.23342
3451	4.05537
3451.5	3.79068
3452	3.34964
3452.5	2.86274
3453	2.31677
3453.5	1.76495
3454	1.23048
3454.5	0.759861
3455	0.377404
3455.5	0.0512737
3456	-0.113813
3456.5	-0.217066
3457	-0.230878
3457.5	-0.14717
3458	-0.0220239
3458.5	0.174759
3459	0.409338
3459.5	0.66988
3460	0.973174
3460.5	1.28367
3461	1.60504
3461.5	1.90752
3462	2.18986
3462.5	2.40106
3463	2.53193
3463.5	2.60073
3464	2.50133
3464.5	2.33735
3465	2.06848
3465.5	1.73015
3466	1.37111
3466.5	1.02929
3467	0.764888
3467.5	0.567385
3468	0.591459
3468.5	0.717768
3469	1.02224
3469.5	1.47572
3470	1.9964
3470.5	2.58874
3471	3.14284
3471.5	3.65997
3472	3.98892
3472.5	4.21599
3473	4.25032
3473.5	4.1112
3474	3.88185
3474.5	3.51684
3475	3.14923
3475.5	2.77884
3476	2.52073
3476.5	2.33454
3477	2.30022
3477.5	2.41002
3478	2.60072
3478.5	2.92075
3479	3.25521
3479.5	3.60717
3480	3.90172
3480.5	4.15388
3481	4.30588
3481.5	4.36351
3482	4.36322
3482.5	4.24279
3483	4.08894
3483.5	3.88992
3484	3.66412
3484.5	3.43214
3485	3.19979
3485.5	2.97716
3486	2.76076
3486.5	2.56811
3487	2.3875
3487.5	2.22541
3488	2.09597
3488.5	1.98455
3489	1.91504
3489.5	1.87563
3490	1.85795
3490.5	1.87424
3491	1.89061
3491.5	1.90586
3492	1.88426
3492.5	1.83726
3493	1.71644
3493.5	1.5394
3494	1.31663
3494.5	1.0183
3495	0.706753
3495.5	0.378225
3496	0.0815377
3496.5	-0.190682
3497	-0.374466
3497.5	-0.492566
3498	-0.551024
3498.5	-0.513273
3499	-0.452644
3499.5	-0.36021
3500	-0.286144
