#Imported=	16.12.2021 13:56:04
#Base:Fit=	16.12.2021 14:11:51
#Base:Fit=	16.12.2021 14:12:09
#Base:Fit=	16.12.2021 14:12:16
#Data Range:Extract=	16.12.2021 14:12:52
#Base:Fit=	16.12.2021 14:14:37
#Base:Fit=	16.12.2021 14:14:43
#Base:Edit=	16.12.2021 14:15:15
#Base:Edit=	16.12.2021 14:15:16
#Base:Sub=	16.12.2021 14:15:19
100	-0.330776
100.5	0.265354
101	1.26982
101.5	2.4259
102	3.48071
102.5	4.08471
103	4.28102
103.5	4.22422
104	4.21038
104.5	4.55927
105	5.48659
105.5	7.24428
106	9.65683
106.5	12.4784
107	15.5091
107.5	18.5035
108	21.3015
108.5	23.7204
109	25.7039
109.5	27.3083
110	28.647
110.5	29.9577
111	31.4472
111.5	33.3351
112	35.6584
112.5	38.3121
113	41.0956
113.5	43.8268
114	46.4486
114.5	48.9826
115	51.5061
115.5	54.0221
116	56.312
116.5	58.0423
117	58.9584
117.5	58.8039
118	57.7403
118.5	56.1845
119	54.7191
119.5	53.9368
120	53.997
120.5	54.9442
121	56.5419
121.5	58.5218
122	60.8213
122.5	63.6141
123	67.1895
123.5	72.0338
124	78.5304
124.5	86.7497
125	96.9084
125.5	108.877
126	122.006
126.5	135.283
127	147.233
127.5	156.535
128	161.541
128.5	160.998
129	155.103
129.5	144.171
130	130.152
130.5	115.242
131	101.003
131.5	88.6933
132	78.5181
132.5	70.5118
133	64.3342
133.5	59.2779
134	55.2778
134.5	52.4303
135	50.6034
135.5	49.734
136	49.5711
136.5	49.5877
137	49.486
137.5	49.1897
138	48.8511
138.5	48.6488
139	48.7115
139.5	48.8849
140	48.8437
140.5	48.2107
141	47.0062
141.5	45.4345
142	44.002
142.5	43.2415
143	43.5982
143.5	45.2128
144	47.395
144.5	49.563
145	50.9649
145.5	51.3022
146	50.4934
146.5	48.6498
147	46.5578
147.5	44.7711
148	43.8496
148.5	43.808
149	44.5288
149.5	45.7004
150	46.6816
150.5	47.009
151	46.3407
151.5	44.9612
152	43.2211
152.5	41.6552
153	40.6845
153.5	40.5054
154	41.0186
154.5	41.6454
155	41.9985
155.5	41.758
156	41.0447
156.5	40.1404
157	39.5206
157.5	39.5227
158	40.1086
158.5	41.0815
159	42.0186
159.5	42.6129
160	42.6071
160.5	42.0788
161	41.2433
161.5	40.3504
162	39.5529
162.5	38.8757
163	38.2957
163.5	37.7659
164	37.298
164.5	37.0204
165	37.0202
165.5	37.2972
166	37.7705
166.5	38.2097
167	38.3897
167.5	38.0827
168	37.297
168.5	36.3306
169	35.6087
169.5	35.5397
170	36.3126
170.5	38.0314
171	40.4093
171.5	42.944
172	45.0647
172.5	46.3996
173	46.9089
173.5	46.631
174	45.8564
174.5	44.9435
175	44.207
175.5	43.9143
176	44.1098
176.5	44.8624
177	46.1389
177.5	47.7764
178	49.5985
178.5	51.3
179	52.5728
179.5	53.2081
180	53.2182
180.5	52.8941
181	52.579
181.5	52.6932
182	53.4409
182.5	54.9341
183	56.9602
183.5	59.1715
184	61.3948
184.5	63.5797
185	65.804
185.5	68.1703
186	70.7016
186.5	73.1973
187	75.382
187.5	77.0219
188	78.234
188.5	79.2983
189	80.7653
189.5	83.0821
190	86.6363
190.5	91.3865
191	96.7633
191.5	102.368
192	107.843
192.5	113.076
193	118.12
193.5	123.11
194	128.136
194.5	133.16
195	138.13
195.5	143.126
196	148.362
196.5	154.296
197	161.139
197.5	168.995
198	177.536
198.5	186.001
199	193.848
199.5	200.502
200	206.161
200.5	211.128
201	215.882
201.5	220.853
202	226.001
202.5	230.914
203	235.106
203.5	238.212
204	239.855
204.5	240.416
205	240.311
205.5	240.113
206	240.211
206.5	240.691
207	241.475
207.5	242.242
208	242.684
208.5	242.355
209	240.997
209.5	238.546
210	234.774
210.5	229.875
211	224.064
211.5	217.575
212	210.905
212.5	204.495
213	198.77
213.5	193.707
214	189.062
214.5	184.414
215	179.252
215.5	173.248
216	166.14
216.5	158.183
217	149.949
217.5	142.089
218	135.12
218.5	129.262
219	124.679
219.5	121.078
220	117.993
220.5	114.873
221	111.197
221.5	106.785
222	101.622
222.5	96.0955
223	90.7541
223.5	86.2217
224	82.9258
224.5	80.7512
225	79.2071
225.5	77.5698
226	75.3633
226.5	72.4301
227	69.1407
227.5	66.1659
228	64.2429
228.5	63.717
229	63.9867
229.5	64.3133
230	63.8488
230.5	62.2777
231	59.6647
231.5	56.6341
232	54.0353
232.5	52.4358
233	51.7749
233.5	51.4484
234	50.8944
234.5	49.7075
235	48.0393
235.5	46.3263
236	45.2811
236.5	45.1881
237	45.8411
237.5	46.6428
238	46.93
238.5	46.2985
239	44.6903
239.5	42.6875
240	40.9347
240.5	40.0851
241	40.0237
241.5	40.4293
242	40.7529
242.5	40.5798
243	39.7617
243.5	38.395
244	36.9244
244.5	35.6706
245	34.7956
245.5	34.1596
246	33.6406
246.5	33.177
247	32.8145
247.5	32.6747
248	32.9178
248.5	33.407
249	33.8854
249.5	33.9993
250	33.6426
250.5	32.8595
251	31.8677
251.5	31.0386
252	30.6052
252.5	30.7008
253	30.9887
253.5	31.187
254	30.9747
254.5	30.3024
255	29.2362
255.5	27.9361
256	26.688
256.5	25.7167
257	25.2413
257.5	25.261
258	25.7495
258.5	26.6837
259	27.8692
259.5	29.1592
260	30.4521
260.5	31.7694
261	33.2755
261.5	35.2831
262	37.9484
262.5	41.2721
263	45.1188
263.5	49.0012
264	52.4
264.5	54.5637
265	55.06
265.5	53.9104
266	51.0273
266.5	46.866
267	41.9359
267.5	36.7116
268	31.7252
268.5	27.3191
269	23.8571
269.5	21.2682
270	19.3859
270.5	18.1405
271	17.3899
271.5	17.0352
272	17.0797
272.5	17.4468
273	17.976
273.5	18.4108
274	18.4731
274.5	18.0327
275	17.0233
275.5	15.6021
276	14.0518
276.5	12.6501
277	11.6208
277.5	10.9842
278	10.6299
278.5	10.3526
279	9.98592
279.5	9.44221
280	8.74251
280.5	8.01123
281	7.40816
281.5	7.12798
282	7.25294
282.5	7.81458
283	8.76689
283.5	9.937
284	11.1651
284.5	12.2545
285	13.0856
285.5	13.5813
286	13.729
286.5	13.6681
287	13.467
287.5	13.1478
288	12.7109
288.5	12.1241
289	11.3766
289.5	10.5479
290	9.72956
290.5	9.00983
291	8.3335
291.5	7.5741
292	6.55643
292.5	5.28154
293	3.88673
293.5	2.75402
294	2.26403
294.5	2.75591
295	4.39463
295.5	6.6188
296	8.96161
296.5	10.8549
297	12.0617
297.5	12.5269
298	12.2855
298.5	11.6639
299	10.8118
299.5	9.83218
300	8.85637
300.5	8.01952
301	7.5641
301.5	7.52907
302	7.83978
302.5	8.18788
303	8.10968
303.5	7.21569
304	5.36427
304.5	3.13899
305	1.13522
305.5	0.114548
306	0.236748
306.5	1.33339
307	2.93333
307.5	4.28246
308	4.90402
308.5	4.6841
309	4.11689
309.5	3.64562
310	3.64842
310.5	4.08213
311	4.67741
311.5	5.00318
312	4.7855
312.5	4.02837
313	3.0632
313.5	2.37594
314	2.24301
314.5	2.79553
315	3.74689
315.5	4.71989
316	5.29729
316.5	5.28181
317	4.71659
317.5	3.8373
318	3.00704
318.5	2.4502
319	2.31897
319.5	2.56443
320	3.04336
320.5	3.59909
321	4.05988
321.5	4.32864
322	4.39278
322.5	4.40996
323	4.60538
323.5	5.28823
324	6.68333
324.5	8.79812
325	11.5548
325.5	14.5837
326	17.4127
326.5	19.5141
327	20.5916
327.5	20.6632
328	19.7152
328.5	17.9114
329	15.5405
329.5	12.8076
330	10.0196
330.5	7.49775
331	5.64851
331.5	4.71846
332	4.6138
332.5	5.18472
333	6.07169
333.5	6.86529
334	7.27277
334.5	7.13828
335	6.58302
335.5	5.76127
336	4.91115
336.5	4.20801
337	3.76606
337.5	3.68903
338	3.97042
338.5	4.61954
339	5.5749
339.5	6.62102
340	7.52007
340.5	7.93211
341	7.80302
341.5	7.18332
342	6.28998
342.5	5.48131
343	5.02586
343.5	5.14067
344	5.70821
344.5	6.5682
345	7.47906
345.5	8.24046
346	8.80611
346.5	9.19083
347	9.48386
347.5	9.71841
348	9.9045
348.5	10.088
349	10.3676
349.5	11.0107
350	12.2546
350.5	14.3043
351	17.4363
351.5	21.5057
352	26.5324
352.5	32.7799
353	40.1219
353.5	48.498
354	57.6371
354.5	66.5712
355	74.0938
355.5	78.4254
356	79.1978
356.5	76.3861
357	70.1246
357.5	62.0398
358	53.3143
358.5	45.0574
359	37.8517
359.5	31.8582
360	27.2653
360.5	23.6837
361	20.9198
361.5	18.8672
362	17.201
362.5	15.6912
363	14.205
363.5	12.7631
364	11.5148
364.5	10.7138
365	10.4092
365.5	10.4079
366	10.4276
366.5	10.2107
367	9.69341
367.5	8.94888
368	8.19621
368.5	7.59231
369	7.22239
369.5	7.04831
370	7.03519
370.5	7.23827
371	7.69541
371.5	8.34129
372	8.9696
372.5	9.2558
373	8.99638
373.5	8.1301
374	6.98344
374.5	6.03326
375	5.77483
375.5	6.23788
376	7.04079
376.5	7.70581
377	7.83852
377.5	7.42706
378	6.68513
378.5	6.03586
379	5.77042
379.5	5.99313
380	6.53261
380.5	7.08731
381	7.47718
381.5	7.67178
382	7.76468
382.5	7.84476
383	7.98531
383.5	8.21445
384	8.55914
384.5	9.0249
385	9.53043
385.5	9.87398
386	9.74261
386.5	9.01311
387	7.71012
387.5	6.18411
388	4.99026
388.5	4.61871
389	5.36273
389.5	6.85532
390	8.58035
390.5	9.8031
391	10.2275
391.5	9.95763
392	9.40759
392.5	9.07624
393	9.1964
393.5	9.72435
394	10.2635
394.5	10.4532
395	9.9947
395.5	9.06017
396	7.97129
396.5	7.22437
397	7.05601
397.5	7.53416
398	8.61343
398.5	9.96712
399	11.3916
399.5	12.7181
400	13.9138
400.5	15.0052
401	16.0304
401.5	17.0027
402	17.8522
402.5	18.3657
403	18.4072
403.5	17.8369
404	16.4579
404.5	14.4675
405	12.0673
405.5	9.58965
406	7.43825
406.5	5.9128
407	5.29189
407.5	5.29105
408	5.58814
408.5	5.73122
409	5.38423
409.5	4.45303
410	3.05625
410.5	1.69479
411	0.844917
411.5	1.05652
412	2.34606
412.5	4.42022
413	6.73581
413.5	8.68234
414	9.9175
414.5	10.2207
415	9.85091
415.5	9.15119
416	8.47342
416.5	8.07051
417	7.99549
417.5	8.20444
418	8.52186
418.5	8.82909
419	9.10014
419.5	9.37463
420	9.68229
420.5	9.98532
421	10.151
421.5	10.029
422	9.4563
422.5	8.47927
423	7.33083
423.5	6.40344
424	6.04416
424.5	6.31271
425	7.09371
425.5	7.97986
426	8.57496
426.5	8.5861
427	8.02715
427.5	7.18795
428	6.41203
428.5	5.9924
429	5.95783
429.5	6.15637
430	6.32557
430.5	6.34336
431	6.25033
431.5	6.23621
432	6.46179
432.5	6.9875
433	7.67795
433.5	8.27827
434	8.57199
434.5	8.50813
435	8.332
435.5	8.3976
436	9.01942
436.5	10.1572
437	11.5882
437.5	12.8558
438	13.5857
438.5	13.5693
439	12.8714
439.5	11.9334
440	11.1701
440.5	10.972
441	11.3451
441.5	12.1261
442	13.0958
442.5	14.1245
443	15.3057
443.5	16.931
444	19.1561
444.5	22.0224
445	25.3094
445.5	28.4599
446	30.9713
446.5	32.3588
447	32.8854
447.5	33.0955
448	33.8416
448.5	35.6629
449	38.7682
449.5	43.0635
450	47.7457
450.5	52.2168
451	55.9233
451.5	58.9802
452	61.7188
452.5	64.7373
453	68.4566
453.5	73.0046
454	78.5321
454.5	84.9684
455	92.612
455.5	102.423
456	114.776
456.5	130.061
457	148.883
457.5	170.449
458	194.384
458.5	221.105
459	251.058
459.5	285.42
460	326.692
460.5	375.239
461	431.102
461.5	494.405
462	562.136
462.5	631.286
463	697.501
463.5	756.418
464	804.111
464.5	834.049
465	844.202
465.5	833.75
466	801.47
466.5	752.608
467	692.388
467.5	625.293
468	557.175
468.5	491.87
469	432.706
469.5	380.705
470	335.676
470.5	298.008
471	266.44
471.5	239.694
472	217.106
472.5	197.353
473	179.535
473.5	163.446
474	148.932
474.5	135.955
475	124.771
475.5	115.262
476	107.036
476.5	99.8321
477	93.3198
477.5	87.3447
478	82.1013
478.5	77.7767
479	74.2635
479.5	71.3451
480	68.5412
480.5	65.4566
481	61.9431
481.5	58.2378
482	54.8015
482.5	52.0958
483	50.3202
483.5	49.1745
484	48.2408
484.5	47.0464
485	45.4777
485.5	43.7472
486	42.2319
486.5	41.1027
487	40.2734
487.5	39.3726
488	38.0634
488.5	36.2426
489	34.2066
489.5	32.5355
490	31.7542
490.5	32.1298
491	33.1778
491.5	34.2025
492	34.3588
492.5	33.4468
493	31.6129
493.5	29.378
494	27.3862
494.5	25.9741
495	25.2156
495.5	24.7495
496	24.2805
496.5	23.5931
497	22.7469
497.5	21.8871
498	21.1718
498.5	20.5804
499	20.0107
499.5	19.3916
500	18.8199
500.5	18.5035
501	18.7735
501.5	19.6088
502	20.8374
502.5	22.0221
503	22.6879
503.5	22.5557
504	21.4439
504.5	19.7761
505	17.9103
505.5	16.247
506	14.94
506.5	14.02
507	13.558
507.5	13.5148
508	13.9251
508.5	14.8628
509	16.1317
509.5	17.5055
510	18.6591
510.5	19.3957
511	19.6836
511.5	19.6205
512	19.5236
512.5	19.6358
513	20.106
513.5	20.7932
514	21.4566
514.5	21.7294
515	21.3801
515.5	20.3438
516	18.6547
516.5	16.6909
517	14.8341
517.5	13.4814
518	12.7484
518.5	12.5055
519	12.4771
519.5	12.2706
520	11.6885
520.5	10.7379
521	9.69446
521.5	8.84624
522	8.44096
522.5	8.48177
523	8.79343
523.5	9.13996
524	9.28139
524.5	9.12527
525	8.68163
525.5	8.14251
526	7.75193
526.5	7.7838
527	8.39259
527.5	9.48048
528	10.8081
528.5	11.9653
529	12.6222
529.5	12.5273
530	11.7186
530.5	10.5077
531	9.2384
531.5	8.28355
532	7.82491
532.5	7.96323
533	8.6215
533.5	9.54134
534	10.4142
534.5	10.7843
535	10.3253
535.5	8.85378
536	6.56571
536.5	4.11972
537	2.24805
537.5	1.63815
538	2.26686
538.5	3.78671
539	5.39667
539.5	6.35621
540	6.3014
540.5	5.36647
541	4.24249
541.5	3.53036
542	3.66302
542.5	4.46076
543	5.58546
543.5	6.66962
544	7.58202
544.5	8.35661
545	9.03191
545.5	9.53558
546	9.65231
546.5	9.09238
547	7.967
547.5	6.55732
548	5.4202
548.5	4.95667
549	5.28492
549.5	6.19276
550	7.05193
550.5	7.4121
551	7.04397
551.5	6.36363
552	5.80433
552.5	5.8507
553	6.48309
553.5	7.49323
554	8.50658
554.5	9.24386
555	9.67233
555.5	9.93596
556	10.2741
556.5	10.7457
557	11.1844
557.5	11.2883
558	10.8391
558.5	9.72648
559	8.32944
559.5	7.04616
560	6.25814
560.5	5.94096
561	5.8828
561.5	5.74906
562	5.32076
562.5	4.61024
563	3.81579
563.5	3.22405
564	2.97522
564.5	3.08112
565	3.31629
565.5	3.49442
566	3.51955
566.5	3.48422
567	3.53206
567.5	3.78334
568	4.15864
568.5	4.50946
569	4.70659
569.5	4.80609
570	5.00952
570.5	5.62601
571	6.77824
571.5	8.32196
572	9.87543
572.5	10.9033
573	11.0737
573.5	10.2061
574	8.64252
574.5	6.91463
575	5.54352
575.5	4.81134
576	4.64281
576.5	4.81399
577	5.03043
577.5	5.18617
578	5.33868
578.5	5.59942
579	5.96831
579.5	6.30419
580	6.38111
580.5	6.1188
581	5.62455
581.5	5.27709
582	5.44166
582.5	6.35169
583	7.83369
583.5	9.35297
584	10.3262
584.5	10.3464
585	9.56767
585.5	8.38927
586	7.40297
586.5	6.90691
587	6.91048
587.5	7.13448
588	7.24036
588.5	7.06709
589	6.67406
589.5	6.29617
590	6.11987
590.5	6.20751
591	6.40342
591.5	6.51245
592	6.32906
592.5	5.816
593	4.97208
593.5	3.82287
594	2.48158
594.5	1.06567
595	-0.127846
595.5	-0.758919
596	-0.471657
596.5	1.03298
597	3.37618
597.5	6.05224
598	8.24994
598.5	9.45445
599	9.49702
599.5	8.58368
600	7.50529
600.5	6.82337
601	6.93974
601.5	7.55624
602	8.24757
602.5	8.48437
603	8.20262
603.5	7.63478
604	7.30267
604.5	7.54642
605	8.3512
605.5	9.36199
606	10.057
606.5	10.1728
607	9.62793
607.5	8.79002
608	7.9171
608.5	7.1452
609	6.38937
609.5	5.53255
610	4.53466
610.5	3.56507
611	2.82111
611.5	2.48229
612	2.42815
612.5	2.47813
613	2.50773
613.5	2.61264
614	3.03876
614.5	4.10796
615	5.69315
615.5	7.36629
616	8.49679
616.5	8.77721
617	8.32883
617.5	7.58266
618	7.11382
618.5	7.12195
619	7.41521
619.5	7.43981
620	6.81435
620.5	5.44479
621	3.85502
621.5	2.68139
622	2.51963
622.5	3.36741
623	4.79303
623.5	6.22381
624	7.1706
624.5	7.53119
625	7.4127
625.5	7.14254
626	6.97259
626.5	7.05495
627	7.43893
627.5	8.10783
628	9.03363
628.5	10.037
629	10.8428
629.5	11.0865
630	10.5186
630.5	9.19708
631	7.29742
631.5	5.23826
632	3.41972
632.5	2.15888
633	1.61228
633.5	1.70316
634	2.36875
634.5	3.41296
635	4.54521
635.5	5.49394
636	6.03337
636.5	6.18069
637	6.07302
637.5	5.96969
638	5.99912
638.5	6.08064
639	5.94353
639.5	5.41228
640	4.51363
640.5	3.62369
641	3.24263
641.5	3.74748
642	5.17743
642.5	6.96085
643	8.47187
643.5	9.09183
644	8.83203
644.5	7.97297
645	7.05314
645.5	6.48299
646	6.33294
646.5	6.36512
647	6.20557
647.5	5.67459
648	4.84112
648.5	4.06718
649	3.66117
649.5	3.80967
650	4.29292
650.5	4.88033
651	5.35146
651.5	5.68773
652	5.97985
652.5	6.34742
653	6.76597
653.5	7.09227
654	7.04782
654.5	6.56713
655	5.70959
655.5	4.68858
656	3.80485
656.5	3.18231
657	2.78742
657.5	2.36666
658	1.74924
658.5	0.899429
659	0.089592
659.5	-0.366257
660	-0.100464
660.5	0.783615
661	2.02032
661.5	3.18067
662	3.92725
662.5	4.19006
663	4.049
663.5	3.78536
664	3.57044
664.5	3.5157
665	3.63745
665.5	3.95671
666	4.53712
666.5	5.31383
667	6.12622
667.5	6.66066
668	6.66894
668.5	6.10126
669	5.09608
669.5	4.09222
670	3.43774
670.5	3.35149
671	3.66447
671.5	4.08963
672	4.38777
672.5	4.52864
673	4.64272
673.5	4.85828
674	5.11449
674.5	5.18771
675	4.79055
675.5	3.92151
676	2.91709
676.5	2.32923
677	2.56871
677.5	3.58349
678	4.99931
678.5	6.11803
679	6.45303
679.5	5.75494
680	4.30077
680.5	2.65075
681	1.36156
681.5	0.858017
682	1.20626
682.5	2.37494
683	4.05393
683.5	5.78579
684	7.1049
684.5	7.61254
685	7.29473
685.5	6.34069
686	5.30473
686.5	4.76376
687	5.11185
687.5	6.3239
688	7.84385
688.5	9.03243
689	9.29535
689.5	8.63101
690	7.3351
690.5	6.06631
691	5.40554
691.5	5.62927
692	6.56652
692.5	7.58884
693	8.10535
693.5	7.62269
694	6.28809
694.5	4.47672
695	2.87592
695.5	2.03315
696	2.23447
696.5	3.47455
697	5.19987
697.5	6.95041
698	8.25698
698.5	8.97617
699	9.06625
699.5	8.50724
700	7.49806
700.5	6.17851
701	4.82555
701.5	3.82467
702	3.51581
702.5	4.22755
703	5.64378
703.5	7.34617
704	8.66987
704.5	9.22475
705	8.9202
705.5	7.88393
706	6.65369
706.5	5.53439
707	4.72038
707.5	4.13116
708	3.70325
708.5	3.48972
709	3.55982
709.5	3.97575
710	4.72237
710.5	5.54656
711	6.2459
711.5	6.68326
712	6.97761
712.5	7.2971
713	7.78166
713.5	8.34334
714	8.77595
714.5	8.79906
715	8.41985
715.5	7.85425
716	7.52174
716.5	7.7438
717	8.565
717.5	9.76778
718	10.8083
718.5	11.2551
719	10.7629
719.5	9.53123
720	7.96872
720.5	6.60165
721	5.84267
721.5	5.80864
722	6.45818
722.5	7.408
723	8.28545
723.5	8.76599
724	8.76023
724.5	8.37605
725	7.77725
725.5	7.17204
726	6.65644
726.5	6.24792
727	5.92758
727.5	5.73711
728	5.85854
728.5	6.48862
729	7.65286
729.5	9.18965
730	10.5925
730.5	11.3212
731	10.863
731.5	9.16593
732	6.71384
732.5	4.14488
733	2.17328
733.5	1.07956
734	0.843216
734.5	1.03498
735	1.16396
735.5	0.977768
736	0.554138
736.5	0.211975
737	0.24913
737.5	0.749222
738	1.45392
738.5	2.03248
739	2.22536
739.5	2.13155
740	2.05569
740.5	2.41708
741	3.32314
741.5	4.60573
742	5.75275
742.5	6.28268
743	5.92491
743.5	4.76221
744	3.34897
744.5	2.1918
745	1.74542
745.5	2.00066
746	2.81859
746.5	3.92265
747	4.98674
747.5	5.81298
748	6.23172
748.5	6.27361
749	6.00105
749.5	5.58268
750	5.26841
750.5	5.20792
751	5.40775
751.5	5.58777
752	5.43665
752.5	4.63058
753	3.33862
753.5	1.90482
754	0.956627
754.5	0.845055
755	1.65845
755.5	3.27982
756	5.14386
756.5	6.89804
757	8.24192
757.5	9.19041
758	9.78091
758.5	9.9878
759	9.87274
759.5	9.44016
760	8.68958
760.5	7.76822
761	6.78044
761.5	5.82719
762	4.98767
762.5	4.35493
763	4.1516
763.5	4.49828
764	5.45394
764.5	6.98025
765	8.66569
765.5	10.1024
766	10.8367
766.5	10.8351
767	10.3003
767.5	9.58576
768	9.07949
768.5	8.91543
769	9.02668
769.5	9.12843
770	9.02471
770.5	8.66859
771	8.27913
771.5	8.10771
772	8.34449
772.5	8.84413
773	9.27119
773.5	9.18375
774	8.41091
774.5	7.14932
775	5.8777
775.5	5.20441
776	5.42102
776.5	6.52776
777	7.93981
777.5	8.9675
778	8.98005
778.5	7.87267
779	6.07214
779.5	4.23054
780	3.08696
780.5	2.97262
781	3.95455
781.5	5.57552
782	7.19781
782.5	8.26515
783	8.51096
783.5	8.13613
784	7.52592
784.5	7.20512
785	7.42599
785.5	8.15685
786	8.98799
786.5	9.4527
787	9.27166
787.5	8.59373
788	7.9657
788.5	7.96983
789	8.95848
789.5	10.6357
790	12.4563
790.5	13.6997
791	14.0822
791.5	13.6711
792	12.9251
792.5	12.362
793	12.184
793.5	12.2243
794	12.0741
794.5	11.447
795	10.3618
795.5	9.29915
796	8.80573
796.5	9.38729
797	10.8615
797.5	12.7973
798	14.4256
798.5	15.1955
799	14.912
799.5	13.7986
800	12.6185
800.5	11.9661
801	12.2934
801.5	13.3089
802	14.5718
802.5	15.4942
803	15.8694
803.5	15.8256
804	15.8088
804.5	16.2695
805	17.4096
805.5	19.2614
806	21.4415
806.5	23.7091
807	25.8645
807.5	27.8001
808	29.3585
808.5	30.1186
809	29.9094
809.5	28.6496
810	26.4509
810.5	24.0341
811	21.9772
811.5	20.8301
812	20.4526
812.5	20.4802
813	20.3523
813.5	19.6654
814	18.3026
814.5	16.2692
815	13.8743
815.5	11.3364
816	8.8793
816.5	6.73157
817	5.12026
817.5	4.40109
818	4.58422
818.5	5.51482
819	6.89735
819.5	8.21091
820	9.09534
820.5	9.27046
821	8.82839
821.5	7.97779
822	6.93752
822.5	5.95177
823	5.17527
823.5	4.78802
824	4.88853
824.5	5.51407
825	6.69588
825.5	8.21556
826	9.75499
826.5	10.9138
827	11.404
827.5	11.1939
828	10.3858
828.5	9.36868
829	8.52084
829.5	8.13951
830	8.27464
830.5	8.75246
831	9.3466
831.5	9.79605
832	9.96033
832.5	9.75553
833	9.21701
833.5	8.46617
834	7.62704
834.5	6.87054
835	6.32452
835.5	6.08171
836	6.1116
836.5	6.24947
837	6.29985
837.5	6.07665
838	5.56284
838.5	4.85685
839	4.22594
839.5	3.9411
840	4.22452
840.5	5.12281
841	6.36935
841.5	7.64001
842	8.54685
842.5	8.94569
843	8.86168
843.5	8.54088
844	8.3172
844.5	8.39103
845	8.80545
845.5	9.37805
846	9.93817
846.5	10.3279
847	10.49
847.5	10.3376
848	9.69534
848.5	8.53981
849	6.93639
849.5	5.26842
850	4.14963
850.5	4.1236
851	5.56532
851.5	7.87762
852	10.3001
852.5	11.7719
853	11.9057
853.5	10.7835
854	8.9633
854.5	7.36436
855	6.48109
855.5	6.52271
856	6.98954
856.5	7.44151
857	7.45849
857.5	7.07261
858	6.49382
858.5	6.1031
859	6.13564
859.5	6.62699
860	7.40941
860.5	8.04985
861	8.21139
861.5	7.60877
862	6.53414
862.5	5.42859
863	4.96854
863.5	5.43777
864	6.75265
864.5	8.46318
865	9.81851
865.5	10.371
866	9.90618
866.5	8.89691
867	7.83182
867.5	7.14001
868	6.86504
868.5	6.83905
869	6.84933
869.5	6.77287
870	6.61372
870.5	6.36322
871	5.94123
871.5	5.23396
872	4.18681
872.5	3.07404
873	2.31106
873.5	2.39801
874	3.36229
874.5	4.81875
875	6.13609
875.5	6.77559
876	6.68898
876.5	6.196
877	5.8995
877.5	6.11731
878	6.82255
878.5	7.58028
879	8.0202
879.5	8.01392
880	7.80865
880.5	7.692
881	7.71581
881.5	7.57425
882	6.90936
882.5	5.54899
883	3.90576
883.5	2.72359
884	2.77629
884.5	4.29053
885	6.68552
885.5	9.09464
886	10.5725
886.5	10.8269
887	9.98602
887.5	8.69135
888	7.60437
888.5	7.07779
889	7.08024
889.5	7.25456
890	7.269
890.5	6.90703
891	6.24479
891.5	5.47097
892	4.86413
892.5	4.58022
893	4.66553
893.5	5.02794
894	5.47868
894.5	5.92767
895	6.40352
895.5	7.01933
896	7.87795
896.5	8.96212
897	10.0438
897.5	10.8592
898	11.1602
898.5	11.0291
899	10.647
899.5	10.2864
900	10.0914
900.5	10.0116
901	9.81544
901.5	9.29935
902	8.38871
902.5	7.17815
903	5.98334
903.5	5.06793
904	4.70478
904.5	4.8524
905	5.43605
905.5	6.34372
906	7.36301
906.5	8.38302
907	9.28815
907.5	10.0065
908	10.4537
908.5	10.4856
909	10.1841
909.5	9.68828
910	9.31671
910.5	9.37448
911	10.009
911.5	11.1743
912	12.3579
912.5	13.0605
913	12.6808
913.5	11.2653
914	9.0825
914.5	6.629
915	4.5281
915.5	3.15464
916	2.85144
916.5	3.45111
917	4.73257
917.5	6.41396
918	8.04265
918.5	9.29183
919	9.85496
919.5	9.79722
920	9.30958
920.5	8.59432
921	7.80613
921.5	6.90115
922	5.67889
922.5	4.06947
923	2.22112
923.5	0.558113
924	-0.384933
924.5	-0.278671
925	1.0843
925.5	3.30319
926	5.80623
926.5	7.9735
927	9.36816
927.5	9.88348
928	9.49104
928.5	8.46519
929	7.12788
929.5	5.76627
930	4.65713
930.5	3.94753
931	3.74104
931.5	3.96185
932	4.4464
932.5	5.09273
933	5.86403
933.5	6.80876
934	8.0147
934.5	9.40903
935	10.7013
935.5	11.4148
936	11.1105
936.5	9.79408
937	7.73199
937.5	5.61155
938	4.05013
938.5	3.37323
939	3.3979
939.5	3.55889
940	3.39967
940.5	2.77547
941	2.00937
941.5	1.5503
942	1.75654
942.5	2.51493
943	3.53902
943.5	4.45802
944	5.14606
944.5	5.70328
945	6.33992
945.5	7.10422
946	7.82581
946.5	8.15266
947	7.95318
947.5	7.30005
948	6.53831
948.5	6.06319
949	6.06383
949.5	6.47115
950	6.90878
950.5	7.07087
951	6.76478
951.5	6.17763
952	5.56602
952.5	5.22952
953	5.20871
953.5	5.39011
954	5.53695
954.5	5.50459
955	5.34189
955.5	5.31742
956	5.67799
956.5	6.49368
957	7.55915
957.5	8.36441
958	8.52785
958.5	7.80884
959	6.70528
959.5	5.77424
960	5.70034
960.5	6.4503
961	7.64578
961.5	8.52068
962	8.54371
962.5	7.6396
963	6.14342
963.5	4.81714
964	4.08513
964.5	4.12423
965	4.54919
965.5	5.03929
966	5.40811
966.5	5.7113
967	6.03034
967.5	6.29544
968	6.28039
968.5	5.80852
969	4.89219
969.5	4.00008
970	3.6151
970.5	4.1115
971	5.14486
971.5	6.08322
972	6.19073
972.5	5.39115
973	4.20509
973.5	3.5773
974	4.17558
974.5	5.9518
975	8.30676
975.5	10.2374
976	11.218
976.5	11.2016
977	10.8071
977.5	10.554
978	10.5523
978.5	10.4016
979	9.71598
979.5	8.40927
980	6.99802
980.5	6.09576
981	6.08103
981.5	6.60074
982	6.899
982.5	6.24464
983	4.55192
983.5	2.4589
984	0.856163
984.5	0.388405
985	0.905186
985.5	1.83656
986	2.39632
986.5	2.29842
987	1.75906
987.5	1.42218
988	1.72811
988.5	2.71518
989	3.86839
989.5	4.54173
990	4.29595
990.5	3.16204
991	1.6734
991.5	0.375912
992	-0.288017
992.5	-0.30788
993	0.203125
993.5	0.985703
994	1.73664
994.5	2.21553
995	2.20947
995.5	1.74861
996	0.985077
996.5	0.319023
997	0.174091
997.5	0.859299
998	2.43539
998.5	4.43019
999	6.33824
999.5	7.58843
1000	8.04153
1000.5	7.74699
1001	6.93465
1001.5	5.98645
1002	5.09719
1002.5	4.38956
1003	3.87521
1003.5	3.60487
1004	3.72593
1004.5	4.2639
1005	5.22508
1005.5	6.51874
1006	7.82915
1006.5	8.86669
1007	9.25814
1007.5	8.98542
1008	8.11938
1008.5	6.85691
1009	5.59366
1009.5	4.57142
1010	4.00009
1010.5	3.78748
1011	3.84101
1011.5	4.09904
1012	4.50386
1012.5	5.08215
1013	5.87957
1013.5	6.77763
1014	7.59479
1014.5	8.00933
1015	7.87974
1015.5	7.20492
1016	6.16695
1016.5	5.20639
1017	4.63319
1017.5	4.65983
1018	5.04354
1018.5	5.43031
1019	5.3963
1019.5	4.86674
1020	4.08141
1020.5	3.58497
1021	3.85498
1021.5	5.01376
1022	6.83092
1022.5	8.53738
1023	9.46425
1023.5	9.03238
1024	7.44175
1024.5	5.24263
1025	3.14195
1025.5	1.72603
1026	1.16973
1026.5	1.46586
1027	2.24551
1027.5	3.21062
1028	4.21107
1028.5	5.17517
1029	6.0544
1029.5	6.73074
1030	7.10018
1030.5	7.17498
1031	7.10965
1031.5	7.24579
1032	7.84122
1032.5	8.97417
1033	10.2701
1033.5	11.1445
1034	10.9733
1034.5	9.59264
1035	7.46616
1035.5	5.31551
1036	3.92686
1036.5	3.53294
1037	3.97965
1037.5	4.64981
1038	5.08282
1038.5	5.20403
1039	5.33166
1039.5	5.81935
1040	6.79559
1040.5	7.96825
1041	8.82784
1041.5	8.94547
1042	8.21992
1042.5	7.03633
1043	5.81441
1043.5	4.91629
1044	4.36271
1044.5	4.02455
1045	3.74084
1045.5	3.50481
1046	3.48814
1046.5	3.9191
1047	4.73559
1047.5	5.65558
1048	6.16991
1048.5	5.98163
1049	5.04397
1049.5	3.68955
1050	2.53799
1050.5	2.05186
1051	2.48529
1051.5	3.48411
1052	4.64581
1052.5	5.52499
1053	5.99933
1053.5	6.14983
1054	6.17582
1054.5	6.23674
1055	6.30396
1055.5	6.18478
1056	5.7422
1056.5	4.9666
1057	4.07321
1057.5	3.47437
1058	3.54166
1058.5	4.68758
1059	6.65017
1059.5	9.02299
1060	11.0312
1060.5	12.0714
1061	11.899
1061.5	10.6248
1062	9.1839
1062.5	8.32679
1063	8.76672
1063.5	10.2212
1064	12.1501
1064.5	13.7483
1065	14.5181
1065.5	14.3808
1066	13.4696
1066.5	12.2077
1067	10.8001
1067.5	9.36036
1068	8.00515
1068.5	6.87901
1069	6.22637
1069.5	6.0892
1070	6.4036
1070.5	7.0617
1071	7.86419
1071.5	8.71368
1072	9.52856
1072.5	10.1768
1073	10.4908
1073.5	10.2707
1074	9.66307
1074.5	9.0644
1075	9.06097
1075.5	9.95798
1076	11.6387
1076.5	13.6975
1077	15.5458
1077.5	16.9538
1078	18.0937
1078.5	19.5105
1079	21.5888
1079.5	24.4128
1080	27.4637
1080.5	30.1058
1081	31.7969
1081.5	32.5379
1082	32.7049
1082.5	32.6119
1083	32.3233
1083.5	31.5874
1084	29.9694
1084.5	27.3483
1085	24.071
1085.5	20.6688
1086	17.7414
1086.5	15.5211
1087	14.0171
1087.5	12.9756
1088	12.1341
1088.5	11.4122
1089	10.8152
1089.5	10.336
1090	9.93708
1090.5	9.56404
1091	9.23578
1091.5	9.06454
1092	9.15669
1092.5	9.43987
1093	9.70837
1093.5	9.65005
1094	9.14255
1094.5	8.24264
1095	7.25827
1095.5	6.53727
1096	6.28217
1096.5	6.47308
1097	6.82876
1097.5	7.11418
1098	7.16925
1098.5	7.02887
1099	6.74012
1099.5	6.26952
1100	5.55037
1100.5	4.51344
1101	3.24763
1101.5	2.1032
1102	1.47364
1102.5	1.72649
1103	2.64523
1103.5	3.82401
1104	4.62627
1104.5	4.75178
1105	4.27292
1105.5	3.66006
1106	3.47921
1106.5	3.91163
1107	4.75164
1107.5	5.43809
1108	5.62743
1108.5	5.21457
1109	4.61842
1109.5	4.19967
1110	4.25714
1110.5	4.66414
1111	5.24797
1111.5	5.87114
1112	6.52302
1112.5	7.26183
1113	8.09236
1113.5	8.84964
1114	9.35598
1114.5	9.4187
1115	9.09917
1115.5	8.4603
1116	7.51248
1116.5	6.34968
1117	5.07912
1117.5	3.96249
1118	3.28419
1118.5	3.20669
1119	3.75883
1119.5	4.5633
1120	5.29187
1120.5	5.69832
1121	5.86189
1121.5	5.90672
1122	5.82971
1122.5	5.48575
1123	4.71191
1123.5	3.43171
1124	1.95958
1124.5	0.693954
1125	0.0463066
1125.5	0.0410233
1126	0.459854
1126.5	1.03787
1127	1.58476
1127.5	2.12833
1128	2.81149
1128.5	3.68057
1129	4.62576
1129.5	5.41919
1130	5.85596
1130.5	5.88111
1131	5.51069
1131.5	4.92273
1132	4.30504
1132.5	3.82268
1133	3.5724
1133.5	3.53794
1134	3.6291
1134.5	3.64775
1135	3.4513
1135.5	2.99911
1136	2.46206
1136.5	2.1157
1137	2.26253
1137.5	3.03676
1138	4.28304
1138.5	5.73452
1139	6.99248
1139.5	7.79085
1140	7.97836
1140.5	7.64037
1141	7.06502
1141.5	6.51793
1142	6.19796
1142.5	6.12207
1143	6.25692
1143.5	6.55458
1144	6.99341
1144.5	7.59207
1145	8.26063
1145.5	8.73389
1146	8.62505
1146.5	7.58364
1147	5.80126
1147.5	3.7756
1148	2.39021
1148.5	2.11062
1149	2.96829
1149.5	4.4171
1150	5.60572
1150.5	6.03339
1151	5.64465
1151.5	5.01271
1152	4.64984
1152.5	4.92107
1153	5.67747
1153.5	6.71179
1154	7.86806
1154.5	9.10284
1155	10.4071
1155.5	11.6204
1156	12.5174
1156.5	12.96
1157	12.993
1157.5	12.95
1158	13.0012
1158.5	13.0334
1159	12.7013
1159.5	11.7593
1160	10.25
1160.5	8.81099
1161	7.91866
1161.5	7.7504
1162	7.70639
1162.5	7.21917
1163	5.89548
1163.5	4.27237
1164	3.09068
1164.5	3.26512
1165	4.67891
1165.5	6.79501
1166	8.67842
1166.5	9.61763
1167	9.45325
1167.5	8.24727
1168	6.53323
1168.5	4.69629
1169	3.19766
1169.5	2.38876
1170	2.47314
1170.5	3.54592
1171	5.11431
1171.5	6.65887
1172	7.63193
1172.5	7.86493
1173	7.44912
1173.5	6.44857
1174	5.02006
1174.5	3.28309
1175	1.47106
1175.5	-0.00278473
1176	-0.814217
1176.5	-0.761875
1177	-0.186436
1177.5	0.438332
1178	0.702198
1178.5	0.591782
1179	0.427952
1179.5	0.616463
1180	1.34601
1180.5	2.53728
1181	4.02558
1181.5	5.55271
1182	6.91277
1182.5	7.84155
1183	8.09924
1183.5	7.57958
1184	6.2319
1184.5	4.39988
1185	2.59323
1185.5	1.29888
1186	0.835087
1186.5	1.21364
1187	2.3872
1187.5	4.03565
1188	5.71427
1188.5	6.96958
1189	7.48403
1189.5	7.34699
1190	6.88227
1190.5	6.65564
1191	6.95036
1191.5	7.72449
1192	8.53275
1192.5	8.87158
1193	8.38096
1193.5	7.04332
1194	5.27293
1194.5	3.54128
1195	2.40483
1195.5	2.15927
1196	2.897
1196.5	4.30411
1197	5.70945
1197.5	6.48384
1198	6.18008
1198.5	5.07939
1199	3.72105
1199.5	2.86688
1200	2.84636
1200.5	3.61351
1201	4.77124
1201.5	5.83736
1202	6.65281
1202.5	7.24635
1203	7.71465
1203.5	7.99936
1204	7.91926
1204.5	7.46511
1205	6.73114
1205.5	5.93094
1206	5.23753
1206.5	4.67257
1207	4.20488
1207.5	3.87298
1208	3.84608
1208.5	4.36017
1209	5.26268
1209.5	6.24323
1210	6.76633
1210.5	6.60623
1211	5.78745
1211.5	4.52846
1212	3.23425
1212.5	2.07705
1213	1.18561
1213.5	0.63052
1214	0.57164
1214.5	1.25116
1215	2.44217
1215.5	3.79998
1216	4.80946
1216.5	5.28579
1217	5.38853
1217.5	5.61501
1218	6.34581
1218.5	7.58548
1219	9.01287
1219.5	10.1205
1220	10.6268
1220.5	10.3889
1221	9.68058
1221.5	8.75727
1222	7.88724
1222.5	7.3344
1223	7.28859
1223.5	7.91737
1224	9.00117
1224.5	10.1754
1225	10.9615
1225.5	11.142
1226	10.8283
1226.5	10.3268
1227	9.97014
1227.5	9.78961
1228	9.53894
1228.5	8.99382
1229	8.24918
1229.5	7.74247
1230	7.94697
1230.5	8.93279
1231	10.3209
1231.5	11.2691
1232	11.2057
1232.5	9.99923
1233	8.46658
1233.5	7.59916
1234	8.06627
1234.5	9.56786
1235	11.1469
1235.5	11.7244
1236	10.8211
1236.5	8.93639
1237	7.05175
1237.5	6.25668
1238	6.79784
1238.5	8.17632
1239	9.34026
1239.5	9.57382
1240	8.69195
1240.5	7.2767
1241	6.18257
1241.5	6.04281
1242	6.91709
1242.5	8.19133
1243	9.1063
1243.5	9.10287
1244	8.3153
1244.5	7.21736
1245	6.58032
1245.5	6.86096
1246	8.17208
1246.5	10.1082
1247	11.9267
1247.5	12.9757
1248	12.8378
1248.5	11.7221
1249	9.82045
1249.5	7.40096
1250	4.82309
1250.5	2.41075
1251	0.658566
1251.5	-0.123249
1252	0.290314
1252.5	1.8542
1253	3.84825
1253.5	5.6974
1254	6.87957
1254.5	7.35404
1255	7.20342
1255.5	6.58262
1256	5.78001
1256.5	5.03136
1257	4.77065
1257.5	5.31359
1258	6.76507
1258.5	8.90285
1259	10.929
1259.5	12.162
1260	12.0045
1260.5	10.9069
1261	9.53046
1261.5	8.85773
1262	9.31126
1262.5	10.7616
1263	12.6819
1263.5	14.297
1264	15.1783
1264.5	15.0074
1265	14.117
1265.5	12.8184
1266	11.4816
1266.5	10.3959
1267	9.63268
1267.5	9.14034
1268	8.75304
1268.5	8.43426
1269	8.29159
1269.5	8.38469
1270	8.61792
1270.5	8.59563
1271	7.88954
1271.5	6.39958
1272	4.57005
1272.5	3.3003
1273	3.18224
1273.5	4.37659
1274	5.98135
1274.5	7.0653
1275	6.93081
1275.5	5.96111
1276	4.97349
1276.5	4.69185
1277	5.03365
1277.5	5.52418
1278	5.79316
1278.5	6.00894
1279	6.59337
1279.5	7.80327
1280	9.29495
1280.5	10.9113
1281	14.079
1281.5	21.9266
1282	37.5131
1282.5	63.5029
1283	96.6928
1283.5	129.873
1284	152.942
1284.5	157.874
1285	143.983
1285.5	115.27
1286	81.3855
1286.5	50.7527
1287	28.9583
1287.5	16.7786
1288	11.2719
1288.5	9.80041
1289	9.74188
1289.5	9.76107
1290	9.45776
1290.5	8.69483
1291	7.50715
1291.5	6.08366
1292	4.92505
1292.5	4.47687
1293	4.9783
1293.5	6.15435
1294	7.33755
1294.5	8.03579
1295	8.08467
1295.5	7.73587
1296	7.23167
1296.5	6.71934
1297	6.19573
1297.5	5.69197
1298	5.55564
1298.5	6.26906
1299	8.34623
1299.5	11.9306
1300	16.206
1300.5	20.0471
1301	21.9597
1301.5	21.4163
1302	18.3724
1302.5	13.7598
1303	9.20317
1303.5	5.7562
1304	4.11182
1304.5	3.83298
1305	4.36552
1305.5	4.98561
1306	5.18955
1306.5	4.85796
1307	4.21979
1307.5	3.69397
1308	3.52768
1308.5	3.79984
1309	4.23183
1309.5	4.58027
1310	4.7126
1310.5	4.84681
1311	5.28627
1311.5	6.26452
1312	7.48611
1312.5	8.52904
1313	8.8507
1313.5	8.51186
1314	7.83195
1314.5	7.36409
1315	7.34275
1315.5	7.5407
1316	7.42641
1316.5	6.72481
1317	5.5517
1317.5	4.44746
1318	4.01186
1318.5	4.50238
1319	5.87969
1319.5	7.41134
1320	8.59085
1320.5	8.99852
1321	8.76072
1321.5	8.16716
1322	7.63952
1322.5	7.50988
1323	7.83522
1323.5	8.31675
1324	8.40719
1324.5	7.74629
1325	6.21706
1325.5	4.40329
1326	3.00336
1326.5	2.73584
1327	3.57904
1327.5	4.97441
1328	6.19613
1328.5	6.80523
1329	6.82804
1329.5	6.49857
1330	6.12664
1330.5	5.79586
1331	5.45242
1331.5	5.10777
1332	4.9151
1332.5	5.10281
1333	5.67895
1333.5	6.41299
1334	6.96572
1334.5	7.12495
1335	6.97378
1335.5	6.76864
1336	6.71815
1336.5	6.78179
1337	6.75549
1337.5	6.44874
1338	5.89077
1338.5	5.27392
1339	4.87984
1339.5	4.79525
1340	4.95562
1340.5	5.18601
1341	5.36982
1341.5	5.4869
1342	5.54829
1342.5	5.49486
1343	5.10707
1343.5	4.18992
1344	2.83306
1344.5	1.36007
1345	0.383266
1345.5	0.321404
1346	1.33148
1346.5	3.00342
1347	4.49295
1347.5	5.13573
1348	4.71211
1348.5	3.71217
1349	2.72429
1349.5	2.31456
1350	2.54889
1350.5	3.27658
1351	4.20667
1351.5	5.15002
1352	6.07119
1352.5	6.88268
1353	7.4068
1353.5	7.40785
1354	6.74207
1354.5	5.7382
1355	4.8668
1355.5	4.64643
1356	5.09957
1356.5	5.99166
1357	6.79926
1357.5	7.07539
1358	6.638
1358.5	5.63835
1359	4.7001
1359.5	4.30265
1360	4.86472
1360.5	6.11026
1361	7.58403
1361.5	8.52502
1362	8.50254
1362.5	7.54369
1363	6.1237
1363.5	5.03185
1364	4.73068
1364.5	5.4719
1365	6.70497
1365.5	7.89878
1366	8.45727
1366.5	8.43049
1367	8.0936
1367.5	7.91438
1368	8.18115
1368.5	8.88926
1369	9.77392
1369.5	10.3876
1370	10.4955
1370.5	10.0073
1371	9.17076
1371.5	8.18269
1372	7.21019
1372.5	6.38597
1373	5.84515
1373.5	5.79863
1374	6.22304
1374.5	7.00417
1375	7.98051
1375.5	8.98273
1376	9.96972
1376.5	10.8931
1377	11.5515
1377.5	11.6802
1378	11.0376
1378.5	9.9316
1379	8.89607
1379.5	8.45042
1380	8.51819
1380.5	8.5984
1381	8.33538
1381.5	8.17756
1382	8.92476
1382.5	11.1047
1383	13.8455
1383.5	15.8631
1384	17.3737
1384.5	22.7336
1385	38.1374
1385.5	70.9866
1386	120.57
1386.5	177.17
1387	224.425
1387.5	244.031
1388	230.181
1388.5	186.262
1389	128.451
1389.5	74.1935
1390	36.0207
1390.5	17.1516
1391	11.6404
1391.5	12.5272
1392	13.7163
1392.5	13.5315
1393	12.6009
1393.5	12.0338
1394	11.9852
1394.5	11.8861
1395	11.1131
1395.5	9.83546
1396	8.57476
1396.5	7.91569
1397	7.95683
1397.5	8.50153
1398	9.03205
1398.5	9.04055
1399	8.26494
1399.5	6.82703
1400	5.36095
1400.5	4.59727
1401	5.1526
1401.5	6.73619
1402	8.559
1402.5	9.53531
1403	9.35777
1403.5	8.32024
1404	7.28223
1404.5	6.97049
1405	7.61859
1405.5	8.96625
1406	10.5432
1406.5	12.3254
1407	14.5553
1407.5	17.2061
1408	19.8979
1408.5	21.6321
1409	21.8002
1409.5	20.3004
1410	17.4828
1410.5	14.3572
1411	11.5167
1411.5	9.35936
1412	7.8
1412.5	6.79176
1413	6.48079
1413.5	6.79508
1414	7.62133
1414.5	8.65308
1415	9.45852
1415.5	9.82609
1416	9.76302
1416.5	9.56093
1417	9.37823
1417.5	9.26957
1418	9.16352
1418.5	8.9938
1419	8.69551
1419.5	8.25416
1420	7.63665
1420.5	6.85799
1421	6.16564
1421.5	5.91746
1422	6.67598
1422.5	8.33907
1423	10.3901
1423.5	11.9148
1424	12.2198
1424.5	11.1583
1425	9.05516
1425.5	6.95662
1426	5.58959
1426.5	5.30467
1427	5.67884
1427.5	6.17069
1428	6.28216
1428.5	5.8813
1429	5.14612
1429.5	4.39849
1430	3.92386
1430.5	3.85396
1431	4.27862
1431.5	5.08525
1432	6.09088
1432.5	7.03688
1433	7.66895
1433.5	7.8535
1434	7.5065
1434.5	6.78238
1435	5.9346
1435.5	5.26067
1436	4.94641
1436.5	4.97488
1437	5.21603
1437.5	5.41141
1438	5.37949
1438.5	5.04682
1439	4.59113
1439.5	4.26041
1440	4.26904
1440.5	4.64871
1441	5.19821
1441.5	5.57101
1442	5.34145
1442.5	4.43958
1443	3.01997
1443.5	1.64249
1444	0.91053
1444.5	1.29403
1445	2.76925
1445.5	4.62467
1446	6.17781
1446.5	6.99649
1447	7.24692
1447.5	7.2913
1448	7.48828
1448.5	7.79099
1449	7.86675
1449.5	7.40696
1450	6.51923
1450.5	5.49399
1451	4.6656
1451.5	4.03707
1452	3.37522
1452.5	2.50556
1453	1.6377
1453.5	1.22812
1454	1.79234
1454.5	3.1867
1455	4.85291
1455.5	5.96423
1456	6.19875
1456.5	5.66922
1457	4.90835
1457.5	4.5246
1458	4.71018
1458.5	5.22721
1459	5.58715
1459.5	5.48705
1460	4.81309
1460.5	3.88353
1461	3.0141
1461.5	2.48296
1462	2.25722
1462.5	2.22842
1463	2.26654
1463.5	2.31471
1464	2.4387
1464.5	2.75155
1465	3.19965
1465.5	3.64625
1466	3.83964
1466.5	3.69345
1467	3.24645
1467.5	2.72391
1468	2.3916
1468.5	2.39911
1469	2.89495
1469.5	3.8044
1470	5.07446
1470.5	6.54015
1471	7.86047
1471.5	8.71966
1472	8.72218
1472.5	7.92445
1473	6.50796
1473.5	4.7907
1474	3.12994
1474.5	1.69281
1475	0.654106
1475.5	0.0812569
1476	0.0399437
1476.5	0.502129
1477	1.08557
1477.5	1.42541
1478	1.20909
1478.5	0.577984
1479	-0.0494461
1479.5	-0.0609703
1480	0.754131
1480.5	2.21746
1481	3.90243
1481.5	5.22865
1482	5.83137
1482.5	5.53111
1483	4.65986
1483.5	3.62743
1484	2.83834
1484.5	2.50127
1485	2.52822
1485.5	2.62087
1486	2.47198
1486.5	2.07075
1487	1.66661
1487.5	1.62555
1488	2.07082
1488.5	2.78889
1489	3.30639
1489.5	3.39589
1490	3.14426
1490.5	2.97181
1491	3.21353
1491.5	3.85938
1492	4.48513
1492.5	4.71546
1493	4.40677
1493.5	3.79679
1494	3.28242
1494.5	3.09373
1495	3.17081
1495.5	3.30334
1496	3.35948
1496.5	3.33424
1497	3.31054
1497.5	3.3272
1498	3.3532
1498.5	3.35754
1499	3.36364
1499.5	3.42879
1500	3.52705
1500.5	3.4977
1501	3.08767
1501.5	2.23351
1502	1.04342
1502.5	-0.064064
1503	-0.582256
1503.5	-0.206963
1504	1.023
1504.5	2.51218
1505	3.6157
1505.5	3.63398
1506	2.58963
1506.5	0.982189
1507	-0.332897
1507.5	-0.719353
1508	0.027977
1508.5	1.57489
1509	2.96522
1509.5	3.57916
1510	3.15864
1510.5	2.26097
1511	1.45966
1511.5	1.31989
1512	1.67407
1512.5	2.15465
1513	2.36881
1513.5	2.33648
1514	2.33589
1514.5	2.83243
1515	3.72318
1515.5	4.63165
1516	4.86865
1516.5	4.21592
1517	2.8244
1517.5	1.36433
1518	0.554192
1518.5	0.669147
1519	1.69266
1519.5	2.99353
1520	4.05795
1520.5	4.45143
1521	4.22645
1521.5	3.51085
1522	2.45882
1522.5	1.35323
1523	0.442898
1523.5	0.0737419
1524	0.379253
1524.5	1.36332
1525	2.86605
1525.5	4.31706
1526	5.33273
1526.5	5.14705
1527	3.93052
1527.5	2.21678
1528	0.832745
1528.5	0.461945
1529	1.21147
1529.5	2.71629
1530	4.09585
1530.5	4.6697
1531	4.13752
1531.5	2.73955
1532	1.15766
1532.5	0.180725
1533	0.265362
1533.5	1.62503
1534	3.86116
1534.5	6.43887
1535	8.21387
1535.5	9.07525
1536	9.05942
1536.5	8.5346
1537	7.90461
1537.5	7.4893
1538	7.34081
1538.5	7.35038
1539	7.468
1539.5	7.74165
1540	8.30499
1540.5	9.2308
1541	10.2357
1541.5	10.8898
1542	10.7885
1542.5	9.83141
1543	8.14202
1543.5	6.42231
1544	5.16452
1544.5	4.68248
1545	4.80514
1545.5	5.26587
1546	5.6909
1546.5	5.9657
1547	6.11673
1547.5	6.22464
1548	6.29743
1548.5	6.25977
1549	6.12046
1549.5	5.944
1550	5.77877
1550.5	5.52652
1551	4.88184
1551.5	3.59435
1552	1.89655
1552.5	0.43021
1553	-0.0448112
1553.5	0.869137
1554	2.94561
1554.5	4.89976
1555	5.83762
1555.5	5.52641
1556	4.65004
1556.5	4.30278
1557	5.11935
1557.5	6.66882
1558	8.00293
1558.5	8.39394
1559	7.7459
1559.5	6.84352
1560	6.57965
1560.5	7.23751
1561	8.30828
1561.5	9.04666
1562	8.72519
1562.5	7.52616
1563	6.00489
1563.5	4.76226
1564	4.06221
1564.5	3.96397
1565	4.3854
1565.5	5.14073
1566	6.10793
1566.5	7.0103
1567	7.56343
1567.5	7.41772
1568	6.72883
1568.5	5.87804
1569	5.36552
1569.5	5.42196
1570	6.06257
1570.5	6.93129
1571	7.60799
1571.5	7.79564
1572	7.48207
1572.5	6.79479
1573	5.99093
1573.5	5.44711
1574	5.44153
1574.5	6.12283
1575	7.31218
1575.5	8.69438
1576	9.69211
1576.5	9.93766
1577	9.23106
1577.5	7.88644
1578	6.27031
1578.5	4.88943
1579	4.09602
1579.5	4.00916
1580	4.51062
1580.5	5.35564
1581	6.33295
1581.5	7.24131
1582	7.98486
1582.5	8.47323
1583	8.64184
1583.5	8.35722
1584	7.48958
1584.5	6.14888
1585	4.6792
1585.5	3.6284
1586	3.31311
1586.5	3.8772
1587	4.84511
1587.5	5.5768
1588	5.43716
1588.5	4.53808
1589	3.28292
1589.5	2.41242
1590	2.41114
1590.5	3.51775
1591	5.17832
1591.5	6.88329
1592	8.14006
1592.5	8.80525
1593	8.87784
1593.5	8.53017
1594	8.04698
1594.5	7.62979
1595	7.44638
1595.5	7.52192
1596	7.77992
1596.5	7.98077
1597	7.99633
1597.5	7.82155
1598	7.62709
1598.5	7.57541
1599	7.76048
1599.5	8.06776
1600	8.36327
1600.5	8.55846
1601	8.64119
1601.5	8.59127
1602	8.3765
1602.5	7.98566
1603	7.53157
1603.5	7.25954
1604	7.43824
1604.5	8.17032
1605	9.18811
1605.5	9.96452
1606	10.1099
1606.5	9.59736
1607	8.70531
1607.5	7.99966
1608	7.85803
1608.5	8.13801
1609	8.32689
1609.5	7.91707
1610	6.79152
1610.5	5.3778
1611	4.67085
1611.5	5.27355
1612	7.14874
1612.5	9.58138
1613	11.4676
1613.5	11.9877
1614	11.1059
1614.5	9.75378
1615	8.75537
1615.5	8.43489
1616	8.55278
1616.5	8.63709
1617	8.56812
1617.5	8.75354
1618	9.73856
1618.5	11.4154
1619	13.1557
1619.5	13.8104
1620	12.7322
1620.5	10.1173
1621	7.18475
1621.5	4.93185
1622	4.16532
1622.5	4.63476
1623	5.80012
1623.5	6.79429
1624	7.2094
1624.5	6.88465
1625	6.0969
1625.5	5.27486
1626	5.05245
1626.5	5.59452
1627	6.71174
1627.5	7.82015
1628	8.3521
1628.5	7.99914
1629	7.02193
1629.5	6.03183
1630	5.42619
1630.5	5.12785
1631	4.87082
1631.5	4.43546
1632	4.03725
1632.5	4.14127
1633	5.06059
1633.5	6.5076
1634	7.89279
1634.5	8.49118
1635	8.03281
1635.5	6.76257
1636	5.5868
1636.5	5.13323
1637	5.81463
1637.5	7.29351
1638	9.00894
1638.5	10.0821
1639	10.1638
1639.5	9.21688
1640	7.82287
1640.5	6.59181
1641	6.17512
1641.5	6.64094
1642	7.68357
1642.5	8.78136
1643	9.5611
1643.5	9.83471
1644	9.68133
1644.5	9.28589
1645	8.79676
1645.5	8.25698
1646	7.61667
1646.5	6.79164
1647	5.81356
1647.5	4.81275
1648	4.10742
1648.5	3.89974
1649	4.30481
1649.5	5.11096
1650	6.01232
1650.5	6.66101
1651	6.92818
1651.5	6.89542
1652	6.72311
1652.5	6.53698
1653	6.39735
1653.5	6.36624
1654	6.52693
1654.5	6.97499
1655	7.59564
1655.5	8.20005
1656	8.549
1656.5	8.61859
1657	8.52575
1657.5	8.51109
1658	8.60382
1658.5	8.61499
1659	8.26576
1659.5	7.46358
1660	6.2993
1660.5	5.17816
1661	4.43327
1661.5	4.26711
1662	4.6099
1662.5	5.41726
1663	6.55948
1663.5	7.83267
1664	8.88286
1664.5	9.33664
1665	9.02413
1665.5	7.90131
1666	6.38708
1666.5	4.89136
1667	3.96086
1667.5	3.90865
1668	4.91564
1668.5	6.76179
1669	8.91061
1669.5	10.5007
1670	10.7774
1670.5	9.42465
1671	7.02272
1671.5	4.82653
1672	3.80294
1672.5	4.31112
1673	5.75936
1673.5	7.2419
1674	7.94338
1674.5	7.88952
1675	7.46602
1675.5	7.13335
1676	6.99005
1676.5	6.86113
1677	6.57482
1677.5	6.21079
1678	6.07247
1678.5	6.30301
1679	6.87023
1679.5	7.48412
1680	7.9354
1680.5	8.13121
1681	8.19925
1681.5	8.17891
1682	7.99271
1682.5	7.5633
1683	6.86601
1683.5	6.07741
1684	5.4318
1684.5	5.16514
1685	5.31137
1685.5	5.88993
1686	6.88472
1686.5	8.10407
1687	9.2492
1687.5	9.81123
1688	9.59508
1688.5	8.66106
1689	7.61972
1689.5	7.05844
1690	7.49176
1690.5	8.63056
1691	9.81256
1691.5	10.1463
1692	9.39322
1692.5	7.7203
1693	5.93904
1693.5	4.79971
1694	4.97603
1694.5	6.19873
1695	7.82808
1695.5	9.08303
1696	9.60408
1696.5	9.378
1697	8.79753
1697.5	8.2629
1698	7.92952
1698.5	7.62836
1699	7.2402
1699.5	6.84901
1700	6.73267
1700.5	7.11068
1701	7.91045
1701.5	8.62383
1702	8.75764
1702.5	8.24421
1703	7.47884
1703.5	7.11013
1704	7.57631
1704.5	8.8983
1705	10.6343
1705.5	12.1113
1706	12.9042
1706.5	12.8081
1707	11.9345
1707.5	10.3653
1708	8.35743
1708.5	6.18
1709	4.20189
1709.5	2.71165
1710	1.92072
1710.5	1.9618
1711	2.66592
1711.5	3.87286
1712	5.26784
1712.5	6.58264
1713	7.61401
1713.5	8.2716
1714	8.48764
1714.5	8.11019
1715	7.17362
1715.5	5.7773
1716	4.41227
1716.5	3.60461
1717	3.76504
1717.5	4.72365
1718	5.9157
1718.5	6.5725
1719	6.38253
1719.5	5.66437
1720	5.23814
1720.5	5.55881
1721	6.58481
1721.5	7.6325
1722	8.04131
1722.5	7.43142
1723	6.31348
1723.5	5.42703
1724	5.42996
1724.5	6.24641
1725	7.56666
1725.5	8.86588
1726	9.81725
1726.5	10.2853
1727	10.4209
1727.5	10.4106
1728	10.394
1728.5	10.4283
1729	10.4569
1729.5	10.2835
1730	9.73078
1730.5	8.70519
1731	7.43018
1731.5	6.24459
1732	5.47229
1732.5	5.20129
1733	5.32917
1733.5	5.72578
1734	6.26207
1734.5	6.90682
1735	7.55355
1735.5	7.99923
1736	8.02956
1736.5	7.66796
1737	7.23077
1737.5	7.22732
1738	7.88644
1738.5	8.92339
1739	9.68783
1739.5	9.74243
1740	9.05369
1740.5	8.15359
1741	7.66982
1741.5	7.97725
1742	8.68237
1742.5	9.18763
1743	9.03354
1743.5	8.41503
1744	7.73306
1744.5	7.40417
1745	7.35179
1745.5	7.15526
1746	6.37284
1746.5	5.11635
1747	3.87196
1747.5	3.26218
1748	3.5342
1748.5	4.59818
1749	5.8511
1749.5	6.85217
1750	7.46724
1750.5	7.89401
1751	8.30392
1751.5	8.71714
1752	9.00661
1752.5	8.99292
1753	8.71036
1753.5	8.30944
1754	7.954
1754.5	7.59184
1755	7.02496
1755.5	6.06391
1756	4.81004
1756.5	3.6371
1757	3.10659
1757.5	3.50285
1758	4.69136
1758.5	5.99845
1759	6.92088
1759.5	7.2139
1760	7.16775
1760.5	7.18501
1761	7.5251
1761.5	7.99925
1762	8.14952
1762.5	7.74574
1763	6.88013
1763.5	5.89484
1764	5.11907
1764.5	4.65642
1765	4.39643
1765.5	4.21593
1766	4.16695
1766.5	4.38797
1767	4.9296
1767.5	5.76793
1768	6.7349
1768.5	7.73379
1769	8.6614
1769.5	9.34003
1770	9.46908
1770.5	8.83822
1771	7.6049
1771.5	6.2043
1772	5.27177
1772.5	5.13087
1773	5.80502
1773.5	6.7943
1774	7.76304
1774.5	8.65829
1775	9.60227
1775.5	10.5937
1776	11.313
1776.5	11.3679
1777	10.3556
1777.5	8.55814
1778	6.5333
1778.5	5.0117
1779	4.28994
1779.5	4.43187
1780	5.1781
1780.5	6.17441
1781	7.11481
1781.5	7.74449
1782	7.92652
1782.5	7.61581
1783	7.04818
1783.5	6.47385
1784	6.20123
1784.5	6.32904
1785	6.80515
1785.5	7.31139
1786	7.51189
1786.5	7.14863
1787	6.40928
1787.5	5.60948
1788	5.15167
1788.5	5.13305
1789	5.44003
1789.5	5.75886
1790	5.91906
1790.5	6.00196
1791	6.28473
1791.5	6.83984
1792	7.45691
1792.5	7.72709
1793	7.39331
1793.5	6.50582
1794	5.49067
1794.5	4.73905
1795	4.35717
1795.5	4.11402
1796	3.78057
1796.5	3.37488
1797	3.12106
1797.5	3.37602
1798	4.19875
1798.5	5.49205
1799	6.92006
1799.5	8.13143
1800	8.8367
1800.5	8.92726
1801	8.49441
1801.5	7.80314
1802	7.34153
1802.5	7.44149
1803	8.12237
1803.5	8.78521
1804	8.66291
1804.5	7.36901
1805	5.32149
1805.5	3.39702
1806	2.49835
1806.5	2.845
1807	4.01715
1807.5	4.95655
1808	4.93727
1808.5	3.96194
1809	2.79491
1809.5	2.18914
1810	2.46997
1810.5	3.37409
1811	4.40287
1811.5	5.15345
1812	5.64248
1812.5	6.26352
1813	7.36186
1813.5	8.95267
1814	10.579
1814.5	11.6546
1815	11.5797
1815.5	10.3023
1816	8.19974
1816.5	6.0237
1817	4.65973
1817.5	4.67826
1818	6.04105
1818.5	7.98586
1819	9.64834
1819.5	10.2596
1820	9.71808
1820.5	8.31334
1821	6.86644
1821.5	5.93216
1822	5.80259
1822.5	6.053
1823	6.25903
1823.5	6.0407
1824	5.33873
1824.5	4.1976
1825	2.83796
1825.5	1.48386
1826	0.481791
1826.5	0.159578
1827	0.742645
1827.5	2.14557
1828	3.79951
1828.5	5.05635
1829	5.38227
1829.5	4.83335
1830	3.87342
1830.5	3.38959
1831	3.97565
1831.5	5.94336
1832	8.46998
1832.5	10.6759
1833	11.6473
1833.5	11.2693
1834	9.86012
1834.5	8.38482
1835	7.58636
1835.5	7.93984
1836	9.01859
1836.5	10.1888
1837	10.7696
1837.5	10.6469
1838	9.93011
1838.5	8.92777
1839	7.86413
1839.5	6.85267
1840	5.96765
1840.5	5.28451
1841	4.90889
1841.5	4.74415
1842	4.63404
1842.5	4.42669
1843	4.13978
1843.5	3.89906
1844	3.82472
1844.5	3.87893
1845	3.90898
1845.5	3.80512
1846	3.6538
1846.5	3.77385
1847	4.31299
1847.5	5.16685
1848	5.87188
1848.5	6.02926
1849	5.45764
1849.5	4.57731
1850	3.98579
1850.5	4.36681
1851	5.69738
1851.5	7.5946
1852	9.28583
1852.5	10.323
1853	10.5733
1853.5	10.3275
1854	9.9344
1854.5	9.57735
1855	9.18948
1855.5	8.60906
1856	7.70801
1856.5	6.66605
1857	5.79649
1857.5	5.44605
1858	5.66657
1858.5	6.35062
1859	7.11043
1859.5	7.61964
1860	7.6235
1860.5	7.25167
1861	6.75487
1861.5	6.49106
1862	6.58641
1862.5	6.93798
1863	7.2473
1863.5	7.31916
1864	7.12432
1864.5	6.90421
1865	6.88984
1865.5	7.22151
1866	7.69519
1866.5	8.02265
1867	7.90775
1867.5	7.4035
1868	6.72943
1868.5	6.18228
1869	5.8613
1869.5	5.70519
1870	5.51501
1870.5	5.19263
1871	4.7862
1871.5	4.48285
1872	4.46684
1872.5	4.83557
1873	5.49255
1873.5	6.3038
1874	7.07639
1874.5	7.68124
1875	8.0077
1875.5	8.12479
1876	8.13132
1876.5	8.14003
1877	8.14064
1877.5	7.98899
1878	7.5116
1878.5	6.75452
1879	5.96229
1879.5	5.43448
1880	5.24733
1880.5	5.22579
1881	5.05806
1881.5	4.60046
1882	3.99134
1882.5	3.50348
1883	3.32291
1883.5	3.35166
1884	3.38737
1884.5	3.29823
1885	3.13449
1885.5	2.93834
1886	2.66462
1886.5	2.27992
1887	1.89721
1887.5	1.87026
1888	2.44698
1888.5	3.63472
1889	4.84077
1889.5	5.45271
1890	5.1245
1890.5	4.40886
1891	3.9898
1891.5	4.45891
1892	5.69653
1892.5	7.26112
1893	8.49724
1893.5	9.07834
1894	8.8348
1894.5	8.02417
1895	6.9252
1895.5	6.01587
1896	5.68986
1896.5	6.14823
1897	7.1032
1897.5	7.94971
1898	8.0583
1898.5	7.32743
1899	6.12971
1899.5	5.13411
1900	4.75895
1900.5	5.03008
1901	5.59799
1901.5	6.04154
1902	6.10315
1902.5	5.69105
1903	4.81026
1903.5	3.50062
1904	2.14782
1904.5	1.25434
1905	1.44755
1905.5	2.65912
1906	4.41772
1906.5	5.73454
1907	6.01061
1907.5	5.15492
1908	4.02776
1908.5	3.38402
1909	3.64248
1909.5	4.33359
1910	4.89266
1910.5	4.87777
1911	4.46153
1911.5	4.04526
1912	4.01183
1912.5	4.33873
1913	4.76786
1913.5	5.01937
1914	5.09813
1914.5	5.26317
1915	5.70678
1915.5	6.41687
1916	7.13207
1916.5	7.59137
1917	7.64844
1917.5	7.43053
1918	7.15877
1918.5	7.05373
1919	7.15894
1919.5	7.40414
1920	7.6394
1920.5	7.76599
1921	7.78371
1921.5	7.78586
1922	7.83974
1922.5	7.9112
1923	7.80938
1923.5	7.32596
1924	6.25287
1924.5	4.77879
1925	3.22699
1925.5	2.10476
1926	1.66068
1926.5	1.94034
1927	2.59561
1927.5	3.26778
1928	3.79797
1928.5	4.33732
1929	5.0855
1929.5	6.10507
1930	7.08141
1930.5	7.54222
1931	7.07452
1931.5	5.79287
1932	4.14613
1932.5	2.93967
1933	2.67409
1933.5	3.6248
1934	5.22363
1934.5	6.87734
1935	8.02544
1935.5	8.57384
1936	8.60629
1936.5	8.34053
1937	7.85973
1937.5	7.09069
1938	6.09296
1938.5	5.12392
1939	4.75267
1939.5	5.29368
1940	6.72209
1940.5	8.33676
1941	9.25992
1941.5	8.9056
1942	7.62799
1942.5	6.19238
1943	5.41404
1943.5	5.36094
1944	5.63563
1944.5	5.61276
1945	5.17233
1945.5	4.68954
1946	4.86261
1946.5	5.93492
1947	7.67555
1947.5	9.24038
1948	10.0107
1948.5	9.6908
1949	8.79257
1949.5	7.76293
1950	6.95216
1950.5	6.4028
1951	6.11692
1951.5	6.1508
1952	6.61679
1952.5	7.65602
1953	9.0567
1953.5	10.4864
1954	11.4486
1954.5	11.7066
1955	11.2002
1955.5	10.2206
1956	9.20012
1956.5	8.4834
1957	8.08666
1957.5	7.77792
1958	7.17991
1958.5	6.17591
1959	4.89757
1959.5	3.72883
1960	2.94462
1960.5	2.66569
1961	2.84432
1961.5	3.49794
1962	4.8757
1962.5	6.94006
1963	9.29917
1963.5	10.9635
1964	11.2711
1964.5	10.1828
1965	8.60206
1965.5	7.52568
1966	7.45335
1966.5	7.90907
1967	8.24383
1967.5	8.12169
1968	7.96447
1968.5	8.22325
1969	8.89829
1969.5	9.32833
1970	8.84736
1970.5	7.50897
1971	6.10177
1971.5	5.59089
1972	6.09752
1972.5	7.05065
1973	7.65366
1973.5	7.67
1974	7.27522
1974.5	6.82167
1975	6.44064
1975.5	6.12864
1976	5.95642
1976.5	6.0712
1977	6.54875
1977.5	7.0508
1978	7.19714
1978.5	6.83131
1979	6.3802
1979.5	6.34714
1980	6.82323
1980.5	7.27831
1981	7.08124
1981.5	6.30737
1982	5.56182
1982.5	5.60316
1983	6.29371
1983.5	6.98263
1984	6.84513
1984.5	5.92232
1985	4.8519
1985.5	4.4853
1986	4.93156
1986.5	5.66273
1987	5.88492
1987.5	5.3932
1988	4.64754
1988.5	4.3637
1989	4.85695
1989.5	5.72503
1990	6.31434
1990.5	6.17542
1991	5.47142
1991.5	4.61674
1992	4.04981
1992.5	3.86714
1993	4.0167
1993.5	4.44857
1994	5.1873
1994.5	6.32225
1995	7.68609
1995.5	8.85218
1996	9.19105
1996.5	8.51725
1997	7.14194
1997.5	5.90556
1998	5.54332
1998.5	6.26608
1999	7.44399
1999.5	8.23349
2000	8.1547
2000.5	7.60032
2001	7.27773
2001.5	7.78401
2002	8.73814
2002.5	9.3466
2003	8.71945
2003.5	7.0304
2004	5.08402
2004.5	4.07167
2005	4.31857
2005.5	5.35047
2006	5.97289
2006.5	5.62641
2007	4.66097
2007.5	4.30426
2008	5.40771
2008.5	7.80219
2009	10.2035
2009.5	11.3898
2010	11.0915
2010.5	9.96205
2011	8.85578
2011.5	8.16187
2012	7.71199
2012.5	7.17527
2013	6.55088
2013.5	6.08745
2014	5.98627
2014.5	6.1057
2015	6.1892
2015.5	6.16704
2016	6.23837
2016.5	6.69781
2017	7.43209
2017.5	8.11401
2018	8.36378
2018.5	8.21106
2019	7.85932
2019.5	7.46258
2020	6.89122
2020.5	5.91488
2021	4.73985
2021.5	3.88667
2022	4.04589
2022.5	5.09443
2023	6.36759
2023.5	6.71132
2024	5.66464
2024.5	3.50286
2025	1.58422
2025.5	1.03587
2026	2.59916
2026.5	5.33237
2027	8.00516
2027.5	9.25308
2028	8.92412
2028.5	7.53221
2029	6.20885
2029.5	5.56621
2030	5.60613
2030.5	5.62104
2031	5.09511
2031.5	3.97521
2032	2.93345
2032.5	2.67725
2033	3.64964
2033.5	5.48871
2034	7.4977
2034.5	8.79679
2035	9.04346
2035.5	8.29871
2036	7.31014
2036.5	6.64132
2037	6.58333
2037.5	6.85383
2038	7.1214
2038.5	7.24699
2039	7.41869
2039.5	7.88155
2040	8.50183
2040.5	8.85485
2041	8.37724
2041.5	7.21155
2042	5.89808
2042.5	5.29001
2043	5.64392
2043.5	6.70588
2044	7.66694
2044.5	8.03954
2045	7.71251
2045.5	7.10893
2046	6.52102
2046.5	6.00802
2047	5.42322
2047.5	4.71894
2048	4.13674
2048.5	3.99776
2049	4.52336
2049.5	5.42016
2050	6.20925
2050.5	6.40357
2051	6.13513
2051.5	5.83864
2052	6.09662
2052.5	6.94054
2053	7.97778
2053.5	8.52753
2054	8.35221
2054.5	7.64331
2055	7.00769
2055.5	6.72954
2056	6.68054
2056.5	6.4755
2057	6.013
2057.5	5.66232
2058	5.8305
2058.5	6.58249
2059	7.32495
2059.5	7.53158
2060	7.06362
2060.5	6.58998
2061	6.72228
2061.5	7.61109
2062	8.53929
2062.5	8.64775
2063	7.53909
2063.5	5.71189
2064	4.06367
2064.5	3.34484
2065	3.65489
2065.5	4.67028
2066	5.73442
2066.5	6.48641
2067	6.83525
2067.5	7.00765
2068	7.29203
2068.5	7.87966
2069	8.64295
2069.5	9.0806
2070	8.61389
2070.5	6.97043
2071	4.43452
2071.5	2.01203
2072	0.671169
2072.5	0.927818
2073	2.3761
2073.5	4.34342
2074	6.10528
2074.5	7.46799
2075	8.48432
2075.5	9.2631
2076	9.63571
2076.5	9.31174
2077	8.39037
2077.5	7.26047
2078	6.59028
2078.5	6.69724
2079	7.5732
2079.5	8.66671
2080	9.53896
2080.5	9.88355
2081	9.7724
2081.5	9.3017
2082	8.6607
2082.5	8.12426
2083	8.09862
2083.5	8.8584
2084	10.2738
2084.5	11.7499
2085	12.459
2085.5	11.9511
2086	10.3964
2086.5	8.68421
2087	7.63586
2087.5	7.61002
2088	8.24906
2088.5	8.913
2089	9.01757
2089.5	8.43456
2090	7.38921
2090.5	6.44533
2091	6.05479
2091.5	6.47626
2092	7.49744
2092.5	8.7402
2093	9.68126
2093.5	10.0558
2094	9.73836
2094.5	8.97146
2095	7.95721
2095.5	6.91568
2096	6.0446
2096.5	5.54927
2097	5.56371
2097.5	5.97183
2098	6.47738
2098.5	6.64171
2099	6.26954
2099.5	5.47337
2100	4.81744
2100.5	4.77223
2101	5.45684
2101.5	6.34444
2102	6.74611
2102.5	6.31176
2103	5.39615
2103.5	4.74593
2104	4.78229
2104.5	5.22759
2105	5.22491
2105.5	4.35233
2106	2.91869
2106.5	2.00758
2107	2.27409
2107.5	3.67583
2108	5.18697
2108.5	6.05829
2109	6.09313
2109.5	5.98086
2110	6.24065
2110.5	6.96702
2111	7.78056
2111.5	8.42078
2112	8.9802
2112.5	9.68134
2113	10.5621
2113.5	11.283
2114	11.5035
2114.5	11.0122
2115	10.0884
2115.5	9.0416
2116	8.20876
2116.5	7.72642
2117	7.62854
2117.5	7.71127
2118	7.71132
2118.5	7.37085
2119	6.75968
2119.5	6.11127
2120	5.73235
2120.5	5.66468
2121	5.81237
2121.5	6.02721
2122	6.27007
2122.5	6.53262
2123	6.71306
2123.5	6.69661
2124	6.467
2124.5	6.24501
2125	6.19956
2125.5	6.28057
2126	6.26126
2126.5	6.02738
2127	5.78047
2127.5	5.73578
2128	5.83708
2128.5	5.65984
2129	4.96826
2129.5	4.07646
2130	3.72226
2130.5	4.35959
2131	5.56596
2131.5	6.40639
2132	6.13271
2132.5	5.0523
2133	3.96485
2133.5	3.69496
2134	4.15299
2134.5	4.91776
2135	5.55122
2135.5	6.0723
2136	6.72313
2136.5	7.65411
2137	8.7307
2137.5	9.64072
2138	10.0643
2138.5	9.772
2139	8.55669
2139.5	6.71205
2140	4.73918
2140.5	3.48753
2141	3.44443
2141.5	4.79534
2142	6.93402
2142.5	9.10884
2143	10.4558
2143.5	10.5845
2144	9.39737
2144.5	7.2707
2145	5.14193
2145.5	3.99218
2146	4.45131
2146.5	6.21245
2147	8.42934
2147.5	9.92961
2148	10.1761
2148.5	9.17014
2149	7.74028
2149.5	6.5321
2150	5.95008
2150.5	5.88435
2151	6.12086
2151.5	6.40938
2152	6.65738
2152.5	6.84486
2153	7.00739
2153.5	7.20254
2154	7.5297
2154.5	7.9813
2155	8.38334
2155.5	8.35094
2156	7.69263
2156.5	6.53719
2157	5.59821
2157.5	5.47677
2158	6.46552
2158.5	7.84844
2159	8.83506
2159.5	8.82076
2160	8.0261
2160.5	6.90355
2161	5.93127
2161.5	5.25529
2162	4.98385
2162.5	5.1869
2163	5.88942
2163.5	6.82975
2164	7.47571
2164.5	7.48264
2165	7.0456
2165.5	6.74572
2166	7.05871
2166.5	7.82259
2167	8.53082
2167.5	8.62736
2168	8.13984
2168.5	7.32188
2169	6.52615
2169.5	5.94519
2170	5.72471
2170.5	6.00156
2171	6.79591
2171.5	8.01848
2172	9.29607
2172.5	10.3228
2173	10.8202
2173.5	10.7679
2174	10.1553
2174.5	9.1801
2175	8.28892
2175.5	8.03424
2176	8.61196
2176.5	9.636
2177	10.3171
2177.5	10.1942
2178	9.43818
2178.5	8.74297
2179	8.4958
2179.5	8.4476
2180	7.89313
2180.5	6.69284
2181	5.49573
2181.5	5.3734
2182	6.6118
2182.5	8.45263
2183	9.46214
2183.5	8.96165
2184	7.53988
2184.5	6.51
2185	6.71572
2185.5	7.76024
2186	8.74705
2186.5	9.07974
2187	9.13718
2187.5	9.43202
2188	10.0259
2188.5	10.3074
2189	9.75682
2189.5	8.55984
2190	7.3963
2190.5	6.66856
2191	5.93192
2191.5	4.5467
2192	2.24564
2192.5	-0.0399971
2193	-1.24116
2193.5	-0.652704
2194	1.13452
2194.5	3.24586
2195	4.89573
2195.5	6.04538
2196	7.01852
2196.5	8.13024
2197	9.3075
2197.5	10.1005
2198	10.1166
2198.5	9.12296
2199	7.29728
2199.5	5.19226
2200	3.44187
2200.5	2.58826
2201	2.82269
2201.5	4.20852
2202	6.14866
2202.5	7.97863
2203	8.85374
2203.5	8.60581
2204	7.59504
2204.5	6.83008
2205	6.91117
2205.5	7.76184
2206	8.40881
2206.5	8.1566
2207	6.90446
2207.5	5.50613
2208	4.633
2208.5	4.47874
2209	4.72381
2209.5	5.26669
2210	6.3348
2210.5	8.06074
2211	10.0964
2211.5	11.4668
2212	11.4538
2212.5	9.90984
2213	7.73055
2213.5	5.77055
2214	4.59228
2214.5	4.1427
2215	4.25737
2215.5	4.66318
2216	5.19966
2216.5	5.70794
2217	6.0815
2217.5	6.31258
2218	6.50965
2218.5	6.78978
2219	7.1952
2219.5	7.64044
2220	8.00678
2220.5	8.19398
2221	8.27039
2221.5	8.39673
2222	8.78854
2222.5	9.41919
2223	10.0681
2223.5	10.3654
2224	10.207
2224.5	9.72911
2225	9.26892
2225.5	8.91677
2226	8.44884
2226.5	7.61375
2227	6.44136
2227.5	5.38619
2228	4.93579
2228.5	5.39362
2229	6.62761
2229.5	8.26794
2230	9.87486
2230.5	10.9004
2231	10.8922
2231.5	9.5249
2232	7.48579
2232.5	5.81313
2233	5.71004
2233.5	7.23162
2234	9.63773
2234.5	11.4466
2235	11.9036
2235.5	10.875
2236	9.2003
2236.5	7.47513
2237	6.17452
2237.5	5.57692
2238	6.0837
2238.5	7.78899
2239	10.0333
2239.5	11.5368
2240	11.214
2240.5	9.10814
2241	6.41525
2241.5	4.82728
2242	5.09313
2242.5	6.61548
2243	7.99043
2243.5	8.27264
2244	7.69227
2244.5	7.11992
2245	7.34494
2245.5	8.19178
2246	9.04597
2246.5	9.21623
2247	8.71577
2247.5	7.8788
2248	7.1748
2248.5	6.7421
2249	6.51154
2249.5	6.32637
2250	6.14638
2250.5	5.96676
2251	5.69884
2251.5	5.20672
2252	4.46904
2252.5	3.7765
2253	3.58078
2253.5	4.18229
2254	5.40196
2254.5	6.76887
2255	7.76049
2255.5	8.25089
2256	8.4336
2256.5	8.6329
2257	8.91584
2257.5	9.08487
2258	8.94774
2258.5	8.44254
2259	7.78934
2259.5	7.24835
2260	7.10942
2260.5	7.457
2261	8.29211
2261.5	9.44902
2262	10.5731
2262.5	11.3009
2263	11.3894
2263.5	10.9197
2264	10.1421
2264.5	9.51486
2265	9.3371
2265.5	9.71477
2266	10.2552
2266.5	10.4887
2267	10.0211
2267.5	9.00457
2268	7.84245
2268.5	6.98345
2269	6.48435
2269.5	6.21233
2270	6.10493
2270.5	6.38879
2271	7.3606
2271.5	8.71492
2272	9.80702
2272.5	10.0364
2273	9.66316
2273.5	9.54647
2274	10.4153
2274.5	12.0442
2275	13.3114
2275.5	13.2753
2276	11.8708
2276.5	10.0739
2277	8.90863
2277.5	8.6765
2278	8.64017
2278.5	8.0815
2279	6.80076
2279.5	5.53871
2280	5.04767
2280.5	5.8036
2281	7.31248
2281.5	8.95344
2282	10.157
2282.5	10.865
2283	11.1898
2283.5	11.2498
2284	10.9521
2284.5	10.0394
2285	8.63815
2285.5	7.11087
2286	6.11724
2286.5	5.99128
2287	6.74891
2287.5	7.87826
2288	8.85324
2288.5	9.33019
2289	9.39506
2289.5	9.21163
2290	8.81233
2290.5	8.16286
2291	7.28896
2291.5	6.51108
2292	6.20179
2292.5	6.57179
2293	7.28492
2293.5	7.84703
2294	7.8637
2294.5	7.50519
2295	7.05448
2295.5	6.62933
2296	6.02383
2296.5	5.05068
2297	4.00555
2297.5	3.51624
2298	4.20149
2298.5	5.7779
2299	7.44634
2299.5	8.16615
2300	7.78714
2300.5	6.68243
2301	5.69009
2301.5	5.38553
2302	5.99324
2302.5	7.12785
2303	8.17781
2303.5	8.46254
2304	7.89405
2304.5	6.86166
2305	6.1615
2305.5	6.20797
2306	6.87166
2306.5	7.47554
2307	7.59111
2307.5	7.27212
2308	7.08849
2308.5	7.40984
2309	8.30491
2309.5	9.38777
2310	10.3895
2310.5	11.0502
2311	11.1928
2311.5	10.64
2312	9.63337
2312.5	8.78197
2313	8.83276
2313.5	9.77539
2314	10.9491
2314.5	11.2296
2315	10.2762
2315.5	8.45492
2316	6.76515
2316.5	5.73779
2317	5.23886
2317.5	4.57067
2318	3.47371
2318.5	2.47589
2319	2.53084
2319.5	4.15475
2320	6.98819
2320.5	9.76441
2321	11.4185
2321.5	11.6961
2322	11.2388
2322.5	10.7598
2323	10.5269
2323.5	10.3534
2324	10.1074
2324.5	10.1028
2325	10.7894
2325.5	12.3634
2326	14.5727
2326.5	17.4888
2327	21.5692
2327.5	26.9729
2328	32.774
2328.5	36.5275
2329	36.1194
2329.5	30.6369
2330	22.5898
2330.5	14.834
2331	9.73719
2331.5	7.21087
2332	6.231
2332.5	5.52805
2333	4.96419
2333.5	5.14273
2334	6.23671
2334.5	7.86118
2335	9.07374
2335.5	9.3845
2336	8.83054
2336.5	8.10463
2337	7.79417
2337.5	8.15864
2338	8.76231
2338.5	9.11138
2339	8.9245
2339.5	8.565
2340	8.48235
2340.5	8.75727
2341	8.83998
2341.5	7.96874
2342	6.08279
2342.5	3.94585
2343	2.84651
2343.5	3.22306
2344	4.73318
2344.5	6.31709
2345	7.13988
2345.5	6.92307
2346	6.07414
2346.5	5.15847
2347	4.66383
2347.5	4.81591
2348	5.65081
2348.5	7.02143
2349	8.36044
2349.5	9.06837
2350	8.78143
2350.5	7.96614
2351	7.44269
2351.5	7.83783
2352	8.8916
2352.5	9.61548
2353	9.18735
2353.5	7.67639
2354	6.15794
2354.5	5.69766
2355	6.56569
2355.5	7.83401
2356	8.43607
2356.5	7.83264
2357	6.68147
2357.5	5.82272
2358	5.84153
2358.5	6.463
2359	7.31428
2359.5	8.06634
2360	8.61246
2360.5	8.82302
2361	8.55098
2361.5	7.83707
2362	7.04078
2362.5	6.82162
2363	7.58927
2363.5	9.28438
2364	11.0635
2364.5	12.1146
2365	12.0129
2365.5	11.0519
2366	9.67622
2366.5	8.38689
2367	7.45615
2367.5	7.27158
2368	7.96957
2368.5	9.44177
2369	10.8646
2369.5	11.2053
2370	9.83943
2370.5	7.52636
2371	5.77641
2371.5	5.92514
2372	7.58145
2372.5	9.50982
2373	10.1839
2373.5	9.4257
2374	7.85968
2374.5	6.61729
2375	6.19579
2375.5	6.56297
2376	7.22296
2376.5	7.8632
2377	8.36493
2377.5	8.75838
2378	9.01365
2378.5	9.01707
2379	8.74295
2379.5	8.27267
2380	7.94222
2380.5	8.09638
2381	8.9939
2381.5	10.3202
2382	11.517
2382.5	11.8638
2383	11.2618
2383.5	9.93844
2384	8.46405
2384.5	7.26315
2385	6.65653
2385.5	6.86109
2386	7.92298
2386.5	9.68429
2387	11.3492
2387.5	12.1312
2388	11.4196
2388.5	9.67274
2389	7.62238
2389.5	6.09522
2390	5.24849
2390.5	5.00819
2391	5.25493
2391.5	6.06903
2392	7.53819
2392.5	9.13294
2393	10.1339
2393.5	9.84397
2394	8.49057
2394.5	6.76849
2395	5.69257
2395.5	5.64923
2396	6.42941
2396.5	7.2061
2397	7.44073
2397.5	7.00756
2398	6.4767
2398.5	6.43744
2399	7.12076
2399.5	8.0716
2400	8.62782
2400.5	8.51213
2401	8.04003
2401.5	7.72495
2402	7.58976
2402.5	7.32686
2403	6.83201
2403.5	6.65213
2404	7.47725
2404.5	9.16707
2405	10.6034
2405.5	10.358
2406	8.37805
2406.5	5.75637
2407	4.22466
2407.5	4.20103
2408	5.21008
2408.5	6.28834
2409	6.98685
2409.5	7.26593
2410	7.23441
2410.5	6.94178
2411	6.60044
2411.5	6.73022
2412	7.70043
2412.5	9.29218
2413	10.5318
2413.5	10.5793
2414	9.32302
2414.5	7.49634
2415	6.03428
2415.5	5.5359
2416	6.01947
2416.5	7.2776
2417	8.86114
2417.5	10.5583
2418	12.1415
2418.5	13.3019
2419	13.4925
2419.5	12.2613
2420	9.71361
2420.5	6.49636
2421	3.94741
2421.5	3.04158
2422	4.26874
2422.5	6.67776
2423	9.04651
2423.5	10.0227
2424	9.31008
2424.5	7.20799
2425	4.92921
2425.5	3.45588
2426	3.53809
2426.5	4.7528
2427	6.46878
2427.5	7.87327
2428	8.58399
2428.5	8.5126
2429	7.95778
2429.5	7.26388
2430	6.71619
2430.5	6.39781
2431	6.25269
2431.5	6.25982
2432	6.49172
2432.5	7.01688
2433	7.57378
2433.5	7.68891
2434	7.11897
2434.5	6.39739
2435	6.20596
2435.5	6.84597
2436	7.51844
2436.5	7.43577
2437	6.54936
2437.5	5.95352
2438	6.66551
2438.5	8.43802
2439	9.95278
2439.5	10.0834
2440	9.13874
2440.5	8.00013
2441	7.31237
2441.5	6.76307
2442	5.9448
2442.5	5.02917
2443	4.67171
2443.5	5.22973
2444	6.05923
2444.5	6.4604
2445	6.28347
2445.5	6.28434
2446	7.03585
2446.5	8.42213
2447	9.54235
2447.5	9.67808
2448	8.81702
2448.5	7.62366
2449	6.62556
2449.5	5.90264
2450	5.275
2450.5	4.60986
2451	4.01494
2451.5	3.71755
2452	3.98769
2452.5	4.86232
2453	6.2743
2453.5	7.81366
2454	9.03454
2454.5	9.4878
2455	9.22626
2455.5	8.58039
2456	8.05507
2456.5	7.8359
2457	7.69342
2457.5	7.04323
2458	5.72264
2458.5	4.09484
2459	3.08958
2459.5	3.27278
2460	4.66591
2460.5	6.17109
2461	6.82342
2461.5	6.14775
2462	4.87064
2462.5	3.96044
2463	3.9649
2463.5	4.57195
2464	5.16401
2464.5	5.33227
2465	5.154
2465.5	4.92194
2466	4.80599
2466.5	4.80874
2467	4.99242
2467.5	5.52125
2468	6.5298
2468.5	7.74648
2469	8.73277
2469.5	9.09231
2470	8.99376
2470.5	8.75108
2471	8.56321
2471.5	8.26555
2472	7.67087
2472.5	6.94534
2473	6.50783
2473.5	6.71984
2474	7.38221
2474.5	8.08568
2475	8.49964
2475.5	8.73299
2476	8.88268
2476.5	8.66192
2477	7.66216
2477.5	5.73767
2478	3.70106
2478.5	2.63041
2479	3.41717
2479.5	5.3733
2480	7.2297
2480.5	7.8117
2481	7.41511
2481.5	6.95025
2482	7.33128
2482.5	8.33195
2483	8.94753
2483.5	8.20854
2484	6.21321
2484.5	4.0854
2485	3.04785
2485.5	3.52657
2486	5.06326
2486.5	6.66065
2487	7.64344
2487.5	7.88449
2488	7.69418
2488.5	7.4334
2489	7.32256
2489.5	7.37451
2490	7.47931
2490.5	7.48532
2491	7.32688
2491.5	7.08517
2492	6.90802
2492.5	6.87019
2493	6.90951
2493.5	6.99935
2494	7.24992
2494.5	7.7142
2495	8.23437
2495.5	8.35459
2496	7.85521
2496.5	6.94325
2497	6.31703
2497.5	6.31998
2498	6.83214
2498.5	7.28451
2499	7.42478
2499.5	7.38631
2500	7.44435
2500.5	7.55044
2501	7.4363
2501.5	7.13663
2502	6.94253
2502.5	6.97491
2503	6.86227
2503.5	6.01639
2504	4.71922
2504.5	3.97658
2505	4.88414
2505.5	6.90754
2506	8.74848
2506.5	9.14666
2507	8.42156
2507.5	7.77496
2508	8.14433
2508.5	9.08507
2509	9.33715
2509.5	8.54045
2510	7.27652
2510.5	6.65681
2511	6.96279
2511.5	7.78919
2512	8.34616
2512.5	8.38144
2513	7.99605
2513.5	7.49192
2514	7.05899
2514.5	6.91608
2515	7.12195
2515.5	7.59429
2516	8.08203
2516.5	8.50717
2517	8.97165
2517.5	9.41884
2518	9.47292
2518.5	8.53692
2519	6.81304
2519.5	5.00032
2520	4.06321
2520.5	4.03162
2521	4.49299
2521.5	4.91335
2522	5.18716
2522.5	5.37964
2523	5.52083
2523.5	5.70122
2524	6.39095
2524.5	7.86531
2525	9.82761
2525.5	11.0998
2526	10.8999
2526.5	9.32867
2527	7.78161
2527.5	7.18541
2528	7.35599
2528.5	7.17008
2529	6.13447
2529.5	4.74186
2530	3.97927
2530.5	4.35814
2531	5.4826
2531.5	6.5974
2532	7.24121
2532.5	7.43299
2533	7.35339
2533.5	7.14865
2534	6.85941
2534.5	6.36837
2535	5.52423
2535.5	4.46631
2536	3.62026
2536.5	3.56575
2537	4.44503
2537.5	5.99302
2538	7.45967
2538.5	8.46822
2539	9.11294
2539.5	9.79322
2540	10.6335
2540.5	11.2654
2541	11.1836
2541.5	10.0323
2542	8.34543
2542.5	6.92777
2543	6.46152
2543.5	6.64122
2544	6.87699
2544.5	6.70365
2545	6.42513
2545.5	6.61728
2546	7.33986
2546.5	8.02087
2547	7.9917
2547.5	7.33793
2548	6.60505
2548.5	6.39478
2549	6.59925
2549.5	6.83981
2550	6.82276
2550.5	6.59671
2551	6.29598
2551.5	6.04238
2552	5.8769
2552.5	5.74728
2553	5.44713
2553.5	4.83269
2554	4.1258
2554.5	3.93774
2555	4.78747
2555.5	6.39679
2556	7.82462
2556.5	8.31067
2557	8.04443
2557.5	7.48463
2558	6.68248
2558.5	5.24446
2559	3.03724
2559.5	1.07603
2560	0.566101
2560.5	2.06326
2561	4.49253
2561.5	6.43086
2562	6.86175
2562.5	6.2913
2563	5.56688
2563.5	5.26867
2564	5.28612
2564.5	5.36812
2565	5.3687
2565.5	5.35252
2566	5.38503
2566.5	5.34346
2567	5.01976
2567.5	4.22295
2568	3.26246
2568.5	2.69524
2569	3.20717
2569.5	4.54197
2570	5.91408
2570.5	6.39359
2571	5.92343
2571.5	5.12479
2572	4.80771
2572.5	5.00673
2573	5.03769
2573.5	4.47558
2574	3.50055
2574.5	2.79996
2575	2.73366
2575.5	3.2778
2576	4.06949
2576.5	4.99683
2577	6.11159
2577.5	7.25744
2578	8.0974
2578.5	8.20066
2579	7.61681
2579.5	6.66721
2580	5.86466
2580.5	5.50916
2581	5.70813
2581.5	6.1282
2582	6.35544
2582.5	6.08549
2583	5.59037
2583.5	5.28434
2584	5.44025
2584.5	5.78994
2585	5.84853
2585.5	5.40413
2586	4.74325
2586.5	4.34585
2587	4.47261
2587.5	5.13249
2588	6.12375
2588.5	6.98002
2589	7.19691
2589.5	6.53928
2590	5.42978
2590.5	4.63717
2591	4.62608
2591.5	5.08831
2592	5.30045
2592.5	5.19866
2593	5.2731
2593.5	5.92242
2594	6.58114
2594.5	6.24052
2595	4.83942
2595.5	3.49362
2596	3.55983
2596.5	4.89362
2597	6.37906
2597.5	6.66346
2598	6.00364
2598.5	5.3141
2599	5.28337
2599.5	5.61777
2600	5.73636
2600.5	5.49264
2601	5.2483
2601.5	5.29413
2602	5.34193
2602.5	4.9893
2603	4.09027
2603.5	3.12938
2604	2.82774
2604.5	3.67603
2605	5.49592
2605.5	7.60548
2606	8.86659
2606.5	8.55257
2607	6.65293
2607.5	4.45787
2608	3.07208
2608.5	3.13184
2609	4.23787
2609.5	5.75064
2610	6.96053
2610.5	7.58061
2611	7.40251
2611.5	6.64348
2612	5.66117
2612.5	5.06534
2613	5.13514
2613.5	5.81113
2614	6.7373
2614.5	7.59495
2615	8.06824
2615.5	7.84003
2616	6.82256
2616.5	5.36278
2617	4.30802
2617.5	4.20729
2618	4.84969
2618.5	5.32947
2619	5.09585
2619.5	4.61569
2620	4.59367
2620.5	5.23605
2621	5.66518
2621.5	5.06418
2622	3.55265
2622.5	2.3138
2623	2.27815
2623.5	3.42082
2624	4.81913
2624.5	5.55831
2625	5.5542
2625.5	5.20391
2626	4.9624
2626.5	5.00184
2627	5.31953
2627.5	5.79316
2628	6.18223
2628.5	6.14936
2629	5.41865
2629.5	4.10281
2630	2.73732
2630.5	2.14353
2631	2.71422
2631.5	4.36166
2632	6.23982
2632.5	7.62114
2633	8.10173
2633.5	7.97071
2634	7.533
2634.5	7.03381
2635	6.54536
2635.5	6.11907
2636	5.7285
2636.5	5.25511
2637	4.62085
2637.5	4.11135
2638	4.30242
2638.5	5.60549
2639	7.489
2639.5	8.98811
2640	9.46878
2640.5	9.11561
2641	8.61273
2641.5	8.37368
2642	8.16623
2642.5	7.56041
2643	6.60593
2643.5	5.70589
2644	5.36405
2644.5	5.65403
2645	6.49474
2645.5	7.49218
2646	8.20997
2646.5	8.08366
2647	7.22354
2647.5	6.26695
2648	6.03655
2648.5	6.55186
2649	7.15126
2649.5	7.03297
2650	6.3258
2650.5	5.71052
2651	5.47892
2651.5	5.28183
2652	4.64093
2652.5	3.97814
2653	4.14741
2653.5	5.26878
2654	6.36876
2654.5	6.06125
2655	4.42846
2655.5	2.77722
2656	2.65636
2656.5	3.96539
2657	5.75158
2657.5	6.78754
2658	7.09204
2658.5	7.28768
2659	7.86345
2659.5	8.62563
2660	8.94465
2660.5	8.57248
2661	7.7123
2661.5	6.76449
2662	5.90271
2662.5	5.0361
2663	4.0922
2663.5	3.32718
2664	3.26518
2664.5	4.04437
2665	5.2903
2665.5	6.1228
2666	6.19057
2666.5	5.81245
2667	5.80188
2667.5	6.42439
2668	7.15409
2668.5	6.91202
2669	5.39999
2669.5	3.13337
2670	1.39819
2670.5	1.01229
2671	1.93429
2671.5	3.16539
2672	3.95836
2672.5	4.07102
2673	3.82537
2673.5	3.5727
2674	3.35584
2674.5	3.02019
2675	2.49738
2675.5	2.06983
2676	2.11349
2676.5	2.76974
2677	3.71986
2677.5	4.52095
2678	4.84768
2678.5	4.79755
2679	4.72124
2679.5	4.80168
2680	4.85185
2680.5	4.44494
2681	3.62018
2681.5	2.92892
2682	3.06864
2682.5	4.0179
2683	5.26753
2683.5	6.21712
2684	6.93972
2684.5	7.7037
2685	8.21261
2685.5	7.70744
2686	5.64016
2686.5	3.17146
2687	1.87934
2687.5	2.62783
2688	4.66159
2688.5	6.42875
2689	6.9753
2689.5	6.51587
2690	5.75716
2690.5	5.20498
2691	4.91245
2691.5	4.75158
2692	4.68321
2692.5	4.71502
2693	4.77178
2693.5	4.76082
2694	4.62362
2694.5	4.38936
2695	4.09334
2695.5	3.82623
2696	3.72106
2696.5	3.87509
2697	4.21701
2697.5	4.55116
2698	4.68521
2698.5	4.65803
2699	4.65945
2699.5	4.84515
2700	5.09205
2700.5	5.20026
2701	5.16181
2701.5	5.27359
2702	5.73303
2702.5	6.17037
2703	5.94872
2703.5	4.66124
2704	3.04261
2704.5	1.82894
2705	1.28894
2705.5	0.857258
2706	0.231714
2706.5	-0.0238724
2707	0.710781
2707.5	2.42329
2708	3.91252
2708.5	4.41412
2709	4.08564
2709.5	3.871
2710	4.10124
2710.5	4.33307
2711	4.18986
2711.5	3.8967
2712	3.9721
2712.5	4.39523
2713	4.63611
2713.5	4.47322
2714	4.31069
2714.5	4.8832
2715	6.20794
2715.5	7.65706
2716	8.38157
2716.5	8.06644
2717	6.96614
2717.5	6.0339
2718	5.85103
2718.5	6.24259
2719	6.39757
2719.5	5.59272
2720	4.13935
2720.5	2.91815
2721	2.47639
2721.5	2.5757
2722	2.75965
2722.5	3.15227
2723	4.34635
2723.5	6.22678
2724	7.53229
2724.5	7.07808
2725	5.09995
2725.5	3.24677
2726	2.6491
2726.5	2.87327
2727	2.91779
2727.5	2.42045
2728	2.24421
2728.5	3.46699
2729	6.04171
2729.5	8.87874
2730	10.6345
2730.5	10.7428
2731	9.71629
2731.5	8.28532
2732	7.03666
2732.5	6.32773
2733	6.20789
2733.5	6.48714
2734	6.78522
2734.5	6.69518
2735	6.10921
2735.5	5.31689
2736	4.66941
2736.5	4.33205
2737	4.17544
2737.5	3.94889
2738	3.62487
2738.5	3.47205
2739	3.94412
2739.5	5.27381
2740	7.05938
2740.5	8.45815
2741	8.56979
2741.5	7.01147
2742	4.62391
2742.5	2.81752
2743	2.73901
2743.5	4.53062
2744	6.89344
2744.5	8.07894
2745	7.29674
2745.5	5.15317
2746	3.33195
2746.5	3.09939
2747	4.15531
2747.5	5.21527
2748	5.135
2748.5	4.03506
2749	3.28836
2749.5	3.89985
2750	5.73761
2750.5	7.5948
2751	8.31779
2751.5	8.03557
2752	7.71346
2752.5	8.20713
2753	9.39409
2753.5	10.1165
2754	9.52683
2754.5	7.72701
2755	5.67287
2755.5	4.43932
2756	4.21712
2756.5	4.60145
2757	5.14848
2757.5	5.74361
2758	6.45042
2758.5	7.08881
2759	7.27937
2759.5	6.82241
2760	6.04625
2760.5	5.63476
2761	5.89906
2761.5	6.59623
2762	7.16174
2762.5	7.18143
2763	6.72082
2763.5	6.01605
2764	5.27986
2764.5	4.73236
2765	4.6946
2765.5	5.36349
2766	6.53639
2766.5	7.56515
2767	7.69806
2767.5	6.91742
2768	5.94958
2768.5	5.58685
2769	6.03124
2769.5	6.63798
2770	6.55377
2770.5	5.60537
2771	4.35026
2771.5	3.62867
2772	3.92081
2772.5	4.91786
2773	6.03136
2773.5	6.79146
2774	7.05879
2774.5	7.03927
2775	7.05738
2775.5	7.25994
2776	7.49803
2776.5	7.32514
2777	6.33451
2777.5	4.66458
2778	2.95015
2778.5	1.93546
2779	1.94304
2779.5	2.49624
2780	2.92788
2780.5	3.0222
2781	3.09264
2781.5	3.59083
2782	4.46384
2782.5	5.22327
2783	5.48514
2783.5	5.29047
2784	4.99961
2784.5	4.81441
2785	4.56668
2785.5	4.04333
2786	3.30848
2786.5	2.75888
2787	2.72009
2787.5	3.12877
2788	3.65659
2788.5	3.97166
2789	3.91527
2789.5	3.55664
2790	3.03047
2790.5	2.56562
2791	2.53199
2791.5	3.38172
2792	5.09098
2792.5	7.07923
2793	8.46833
2793.5	8.63199
2794	7.63677
2794.5	6.30273
2795	5.24967
2795.5	4.59136
2796	4.13647
2796.5	3.89129
2797	4.17363
2797.5	5.0923
2798	6.21869
2798.5	6.87276
2799	6.77994
2799.5	6.47991
2800	6.47415
2800.5	6.55735
2801	5.97199
2801.5	4.22988
2802	2.01863
2802.5	0.53293
2803	0.440161
2803.5	1.50383
2804	2.98539
2804.5	4.39121
2805	5.71898
2805.5	6.99725
2806	8.00326
2806.5	8.35433
2807	7.87714
2807.5	6.82026
2808	5.65843
2808.5	4.95506
2809	5.15859
2809.5	6.26536
2810	7.59453
2810.5	8.34278
2811	8.11752
2811.5	7.20458
2812	6.28021
2812.5	5.70767
2813	5.37849
2813.5	5.15696
2814	5.21282
2814.5	5.93681
2815	7.36605
2815.5	9.04274
2816	10.3381
2816.5	10.8077
2817	10.362
2817.5	9.34433
2818	8.33715
2818.5	7.86161
2819	8.0865
2819.5	8.6362
2820	8.76305
2820.5	8.09721
2821	6.94138
2821.5	5.99785
2822	5.84667
2822.5	6.57057
2823	7.64141
2823.5	8.41709
2824	8.45596
2824.5	7.78032
2825	6.987
2825.5	6.8928
2826	7.60655
2826.5	8.33317
2827	8.00064
2827.5	6.32619
2828	4.4351
2828.5	3.76312
2829	4.49532
2829.5	5.52952
2830	5.62361
2830.5	4.74946
2831	4.31992
2831.5	5.36871
2832	7.44911
2832.5	8.95302
2833	8.41754
2833.5	5.90833
2834	3.07464
2834.5	1.53843
2835	1.9212
2835.5	3.61936
2836	5.37001
2836.5	6.35349
2837	6.76538
2837.5	7.28453
2838	8.24931
2838.5	9.1217
2839	8.77511
2839.5	6.82432
2840	4.11405
2840.5	2.15515
2841	1.95512
2841.5	3.16215
2842	4.26087
2842.5	4.21634
2843	3.30295
2843.5	2.76788
2844	3.72971
2844.5	6.04061
2845	8.11934
2845.5	8.42737
2846	6.62474
2846.5	3.90817
2847	2.28813
2847.5	2.98318
2848	5.26204
2848.5	7.42476
2849	8.22755
2849.5	7.86692
2850	7.72397
2850.5	8.78141
2851	10.5321
2851.5	11.6802
2852	11.399
2852.5	10.0306
2853	8.64644
2853.5	7.81828
2854	7.25221
2854.5	6.48617
2855	5.50973
2855.5	4.757
2856	4.57671
2856.5	4.83847
2857	5.2857
2857.5	5.79182
2858	6.30635
2858.5	6.66021
2859	6.62641
2859.5	6.24466
2860	5.81459
2860.5	5.64021
2861	5.82023
2861.5	6.29374
2862	6.93525
2862.5	7.49866
2863	7.57439
2863.5	6.87205
2864	5.63321
2864.5	4.66861
2865	4.59321
2865.5	5.20803
2866	5.91612
2866.5	6.4415
2867	7.0717
2867.5	8.12538
2868	9.20125
2868.5	9.58066
2869	9.05017
2869.5	8.13759
2870	7.51024
2870.5	7.18982
2871	6.5917
2871.5	5.55594
2872	4.72981
2872.5	4.9605
2873	6.29348
2873.5	7.54004
2874	7.29812
2874.5	5.42163
2875	3.15389
2875.5	2.10454
2876	2.87763
2876.5	4.46737
2877	5.15691
2877.5	4.32162
2878	2.80233
2878.5	2.0437
2879	2.81003
2879.5	4.56416
2880	6.02932
2880.5	6.56594
2881	6.50652
2881.5	6.58579
2882	7.10699
2882.5	7.56361
2883	7.20486
2883.5	6.15307
2884	5.55466
2884.5	6.67241
2885	9.58967
2885.5	12.725
2886	13.9703
2886.5	12.9859
2887	11.3178
2887.5	10.7831
2888	11.7048
2888.5	12.7092
2889	12.2695
2889.5	10.5636
2890	8.84168
2890.5	7.92016
2891	7.53151
2891.5	6.95742
2892	6.00262
2892.5	5.13529
2893	4.68681
2893.5	4.58663
2894	4.72378
2894.5	5.23192
2895	6.25976
2895.5	7.49133
2896	8.26837
2896.5	8.18497
2897	7.31917
2897.5	6.01104
2898	4.52585
2898.5	3.01308
2899	1.74559
2899.5	1.17284
2900	1.68301
2900.5	3.2886
2901	5.48349
2901.5	7.39845
2902	8.22561
2902.5	7.76468
2903	6.41714
2903.5	4.93881
2904	4.03975
2904.5	4.05421
2905	4.78189
2905.5	5.4604
2906	5.28196
2906.5	3.90405
2907	1.80381
2907.5	0.0619411
2908	-0.37863
2908.5	0.499182
2909	1.85301
2909.5	2.93721
2910	3.57657
2910.5	4.02365
2911	4.49917
2911.5	4.98144
2912	5.42555
2912.5	5.95675
2913	6.67591
2913.5	7.40254
2914	7.7186
2914.5	7.3248
2915	6.38288
2915.5	5.47351
2916	5.04039
2916.5	5.06309
2917	5.10655
2917.5	4.68873
2918	3.67746
2918.5	2.46242
2919	1.72901
2919.5	2.0083
2920	3.37754
2920.5	5.31243
2921	6.84196
2921.5	7.05721
2922	5.83769
2922.5	4.15244
2923	3.17203
2923.5	3.39455
2924	4.3251
2924.5	5.00101
2925	4.82895
2925.5	4.02893
2926	3.29102
2926.5	3.11716
2927	3.55625
2927.5	4.20519
2928	4.46428
2928.5	3.97301
2929	2.99087
2929.5	2.13534
2930	1.63946
2930.5	1.19369
2931	0.526442
2931.5	0.0407791
2932	0.584721
2932.5	2.35592
2933	4.31873
2933.5	5.39847
2934	5.54243
2934.5	5.58715
2935	6.14339
2935.5	6.8897
2936	7.0697
2936.5	6.56977
2937	5.76999
2937.5	4.84803
2938	3.64245
2938.5	2.1716
2939	0.938513
2939.5	0.507698
2940	0.761314
2940.5	1.16447
2941	1.40972
2941.5	1.61111
2942	1.9853
2942.5	2.54503
2943	3.1289
2943.5	3.52044
2944	3.42865
2944.5	2.56491
2945	0.989975
2945.5	-0.702587
2946	-1.74495
2946.5	-1.80409
2947	-1.16689
2947.5	-0.273888
2948	0.755739
2948.5	1.9217
2949	3.0544
2949.5	3.90726
2950	4.49571
2950.5	5.16956
2951	6.20017
2951.5	7.40722
2952	8.32391
2952.5	8.53699
2953	7.88611
2953.5	6.47635
2954	4.61813
2954.5	2.72982
2955	1.15413
2955.5	0.103382
2956	-0.190212
2956.5	0.525908
2957	2.19527
2957.5	4.13921
2958	5.33405
2958.5	5.31642
2959	4.74499
2959.5	4.50723
2960	4.75251
2960.5	4.86635
2961	4.39646
2961.5	3.73794
2962	3.67223
2962.5	4.23066
2963	4.55333
2963.5	3.99565
2964	2.83517
2964.5	1.88497
2965	1.5987
2965.5	1.7613
2966	1.99961
2966.5	2.30148
2967	2.78521
2967.5	3.26141
2968	3.3586
2968.5	3.01074
2969	2.62329
2969.5	2.65786
2970	3.12416
2970.5	3.59725
2971	3.83653
2971.5	4.06517
2972	4.61623
2972.5	5.39096
2973	5.77579
2973.5	5.22422
2974	3.99023
2974.5	3.14046
2975	3.3828
2975.5	4.24643
2976	4.55766
2976.5	3.76014
2977	2.62925
2977.5	2.45952
2978	3.54247
2978.5	4.69205
2979	4.74992
2979.5	3.99129
2980	3.60281
2980.5	4.20589
2981	5.24098
2981.5	5.82129
2982	5.79181
2982.5	5.59659
2983	5.27657
2983.5	4.362
2984	2.86126
2984.5	1.71979
2985	1.97218
2985.5	3.53938
2986	5.11804
2986.5	5.30744
2987	3.79808
2987.5	1.49115
2988	-0.465618
2988.5	-1.30023
2989	-0.909483
2989.5	0.11087
2990	0.816366
2990.5	0.661779
2991	0.0925407
2991.5	0.18598
2992	1.41324
2992.5	3.19573
2993	4.61452
2993.5	5.33439
2994	5.65881
2994.5	5.80228
2995	5.45214
2995.5	4.22559
2996	2.46574
2996.5	1.0435
2997	0.579964
2997.5	1.08714
2998	2.23125
2998.5	3.64205
2999	4.83968
2999.5	5.14016
3000	4.07621
3000.5	2.19143
3001	0.778133
3001.5	0.726288
3002	1.70724
3002.5	2.59622
3003	2.68889
3003.5	2.33769
3004	2.33848
3004.5	2.90686
3005	3.54216
3005.5	3.97094
3006	4.53566
3006.5	5.50835
3007	6.36313
3007.5	6.12222
3008	4.50279
3008.5	2.45198
3009	1.28067
3009.5	1.23871
3010	1.2932
3010.5	0.528776
3011	-0.854561
3011.5	-1.82953
3012	-1.60056
3012.5	-0.259493
3013	1.47383
3013.5	2.9337
3014	3.88543
3014.5	4.47527
3015	4.93557
3015.5	5.42895
3016	5.95493
3016.5	6.30042
3017	6.1389
3017.5	5.30106
3018	4.02712
3018.5	2.93342
3019	2.62288
3019.5	3.12933
3020	3.91561
3020.5	4.31275
3021	4.02843
3021.5	3.26881
3022	2.42329
3022.5	1.70952
3023	1.15451
3023.5	0.832355
3024	0.951199
3024.5	1.57952
3025	2.47737
3025.5	3.28468
3026	3.86197
3026.5	4.34212
3027	4.80737
3027.5	5.00531
3028	4.54098
3028.5	3.44701
3029	2.52444
3029.5	2.78545
3030	4.42018
3030.5	6.40817
3031	7.20274
3031.5	5.98011
3032	3.32559
3032.5	0.729914
3033	-0.590553
3033.5	-0.434557
3034	0.640663
3034.5	2.03846
3035	3.50216
3035.5	4.85663
3036	5.77652
3036.5	5.91731
3037	5.1868
3037.5	3.8196
3038	2.22706
3038.5	0.835007
3039	0.0254936
3039.5	0.101093
3040	1.07455
3040.5	2.57028
3041	3.87714
3041.5	4.29276
3042	3.60576
3042.5	2.33022
3043	1.37922
3043.5	1.34435
3044	2.02844
3044.5	2.72877
3045	2.96551
3045.5	2.845
3046	2.53298
3046.5	1.8164
3047	0.410254
3047.5	-1.3467
3048	-2.41909
3048.5	-1.91883
3049	-0.0328884
3049.5	2.01833
3050	3.0235
3050.5	2.75398
3051	1.96745
3051.5	1.37927
3052	1.11432
3052.5	1.02654
3053	1.26403
3053.5	2.22857
3054	3.91073
3054.5	5.48356
3055	5.84855
3055.5	4.68917
3056	2.87202
3056.5	1.69344
3057	1.6675
3057.5	2.32859
3058	2.91878
3058.5	3.08232
3059	3.03006
3059.5	3.26114
3060	4.12124
3060.5	5.39392
3061	6.23351
3061.5	5.75396
3062	3.95759
3062.5	2.00134
3063	1.09093
3063.5	1.25731
3064	1.57694
3064.5	1.4259
3065	1.15255
3065.5	1.38031
3066	2.02556
3066.5	2.41007
3067	2.21004
3067.5	1.81426
3068	1.64539
3068.5	1.60846
3069	1.59082
3069.5	2.03853
3070	3.32988
3070.5	4.77534
3071	4.91807
3071.5	3.15483
3072	0.73856
3072.5	-0.247458
3073	1.09853
3073.5	3.744
3074	5.91267
3074.5	6.66591
3075	6.21095
3075.5	5.14684
3076	3.87277
3076.5	2.78413
3077	2.33423
3077.5	2.62408
3078	3.14884
3078.5	3.25901
3079	2.89301
3079.5	2.67069
3080	3.18167
3080.5	4.26959
3081	5.09209
3081.5	4.84115
3082	3.46542
3082.5	1.67657
3083	0.365084
3083.5	0.00904846
3084	0.473948
3084.5	1.37476
3085	2.53958
3085.5	3.98176
3086	5.3752
3086.5	5.84185
3087	4.687
3087.5	2.45151
3088	0.86524
3088.5	1.35432
3089	3.45551
3089.5	5.28719
3090	5.44893
3090.5	4.16539
3091	2.69717
3091.5	1.94639
3092	1.82107
3092.5	1.75053
3093	1.48213
3093.5	1.28189
3094	1.5121
3094.5	2.14921
3095	2.72878
3095.5	2.76573
3096	2.26747
3096.5	1.79618
3097	1.88068
3097.5	2.51729
3098	3.29398
3098.5	3.92014
3099	4.43403
3099.5	4.86842
3100	4.96196
3100.5	4.42311
3101	3.40907
3101.5	2.5276
3102	2.30721
3102.5	2.75841
3103	3.45009
3103.5	3.87474
3104	3.75258
3104.5	3.18812
3105	2.651
3105.5	2.69315
3106	3.4627
3106.5	4.49152
3107	5.07157
3107.5	4.87047
3108	4.14174
3108.5	3.37541
3109	2.85311
3109.5	2.57072
3110	2.4958
3110.5	2.78461
3111	3.67838
3111.5	5.13529
3112	6.54633
3112.5	6.99139
3113	5.96282
3113.5	3.85249
3114	1.69419
3114.5	0.366543
3115	0.0306377
3115.5	0.248358
3116	0.492992
3116.5	0.535385
3117	0.520552
3117.5	0.806253
3118	1.6331
3118.5	2.81099
3119	3.79386
3119.5	4.22594
3120	4.38443
3120.5	4.8914
3121	5.92227
3121.5	6.9512
3122	7.31351
3122.5	6.78349
3123	5.60735
3123.5	4.22308
3124	3.09523
3124.5	2.60118
3125	2.76904
3125.5	3.13498
3126	3.10849
3126.5	2.57182
3127	1.95859
3127.5	1.63844
3128	1.38734
3128.5	0.689016
3129	-0.458223
3129.5	-1.27925
3130	-0.954241
3130.5	0.36598
3131	1.58112
3131.5	1.76131
3132	1.1078
3132.5	0.683329
3133	1.1986
3133.5	2.27733
3134	3.0409
3134.5	3.2084
3135	3.30627
3135.5	3.82164
3136	4.51969
3136.5	4.8068
3137	4.54612
3137.5	4.22865
3138	4.39948
3138.5	5.12028
3139	5.91577
3139.5	6.01584
3140	4.78043
3140.5	2.34662
3141	-0.00606155
3141.5	-0.729177
3142	0.52766
3142.5	2.52167
3143	3.74425
3143.5	3.91246
3144	3.80731
3144.5	3.89893
3145	3.78368
3145.5	3.10535
3146	2.40924
3146.5	2.56415
3147	3.58532
3147.5	4.57375
3148	4.84395
3148.5	4.67029
3149	4.73906
3149.5	5.1781
3150	5.40877
3150.5	4.83742
3151	3.49154
3151.5	2.04311
3152	1.33126
3152.5	1.69497
3153	2.55965
3153.5	2.90111
3154	2.33638
3154.5	1.72653
3155	2.32114
3155.5	4.20888
3156	5.98349
3156.5	6.23688
3157	5.18199
3157.5	4.33222
3158	4.66746
3158.5	5.58714
3159	5.87164
3159.5	5.31467
3160	4.93861
3160.5	5.6085
3161	6.85873
3161.5	7.37805
3162	6.51038
3162.5	4.96449
3163	3.97167
3163.5	3.97358
3164	4.36871
3164.5	4.48179
3165	4.44945
3165.5	4.89808
3166	5.87062
3166.5	6.46615
3167	5.79294
3167.5	3.98082
3168	2.02461
3168.5	0.757154
3169	0.287037
3169.5	0.408266
3170	1.11757
3170.5	2.45567
3171	4.10972
3171.5	5.55876
3172	6.53616
3172.5	7.00569
3173	6.74596
3173.5	5.47905
3174	3.64003
3174.5	2.55176
3175	3.27374
3175.5	5.33771
3176	7.06692
3176.5	7.22179
3177	6.00896
3177.5	4.46261
3178	3.34581
3178.5	2.93674
3179	3.38577
3179.5	4.59933
3180	5.82557
3180.5	5.994
3181	4.76035
3181.5	2.90816
3182	1.49171
3182.5	0.842611
3183	0.650743
3183.5	0.72653
3184	1.25447
3184.5	2.35145
3185	3.73417
3185.5	4.84782
3186	5.13841
3186.5	4.32424
3187	2.74505
3187.5	1.405
3188	1.21395
3188.5	2.00183
3189	2.65477
3189.5	2.50605
3190	2.24328
3190.5	2.95725
3191	4.46253
3191.5	5.21245
3192	4.12265
3192.5	2.02291
3193	0.827839
3193.5	1.36559
3194	2.51945
3194.5	2.67761
3195	1.65278
3195.5	0.8113
3196	1.34068
3196.5	2.80183
3197	3.71972
3197.5	3.43471
3198	2.85965
3198.5	3.1994
3199	4.33503
3199.5	4.98425
3200	4.37409
3200.5	3.23432
3201	2.96322
3201.5	4.16735
3202	6.24048
3202.5	8.07226
3203	8.87141
3203.5	8.51997
3204	7.50047
3204.5	6.44072
3205	5.50408
3205.5	4.33215
3206	2.7971
3206.5	1.55608
3207	1.40681
3207.5	2.21515
3208	3.05757
3208.5	3.49478
3209	4.08167
3209.5	5.3067
3210	6.57075
3210.5	6.7673
3211	5.64832
3211.5	4.10386
3212	3.25325
3212.5	3.66493
3213	5.23984
3213.5	7.26492
3214	8.56523
3214.5	8.18108
3215	6.18747
3215.5	3.643
3216	1.70008
3216.5	1.02593
3217	1.91842
3217.5	4.24545
3218	6.96751
3218.5	8.40434
3219	7.71576
3219.5	5.94384
3220	4.9878
3220.5	5.54328
3221	6.50914
3221.5	6.43817
3222	5.1098
3222.5	3.57079
3223	3.05174
3223.5	4.00444
3224	5.77605
3224.5	6.9391
3225	6.32298
3225.5	4.20829
3226	2.3766
3226.5	2.49455
3227	4.33628
3227.5	5.9218
3228	5.59796
3228.5	3.80111
3229	2.56331
3229.5	3.35511
3230	5.60044
3230.5	7.39255
3231	7.47797
3231.5	6.31166
3232	5.25339
3232.5	5.0672
3233	5.4794
3233.5	6.0015
3234	6.62513
3234.5	7.43873
3235	7.94881
3235.5	7.36897
3236	5.67413
3236.5	3.95063
3237	3.37002
3237.5	3.93349
3238	4.53109
3238.5	4.29776
3239	3.67607
3239.5	3.9143
3240	5.55143
3240.5	7.64438
3241	8.66146
3241.5	8.02882
3242	6.56663
3242.5	5.41653
3243	4.85486
3243.5	4.36722
3244	3.66332
3244.5	3.21593
3245	3.70273
3245.5	5.14407
3246	6.7559
3246.5	7.61092
3247	7.43247
3247.5	6.85555
3248	6.92376
3248.5	8.13697
3249	9.85062
3249.5	10.7242
3250	9.9403
3250.5	7.9857
3251	6.15211
3251.5	5.323
3252	5.36666
3252.5	5.65568
3253	5.92877
3253.5	6.4591
3254	7.44675
3254.5	8.48893
3255	8.84295
3255.5	8.19112
3256	6.94834
3256.5	5.70434
3257	4.55416
3257.5	3.27963
3258	2.13655
3258.5	1.98754
3259	3.34798
3259.5	5.52791
3260	7.13097
3260.5	7.43647
3261	6.99601
3261.5	6.77133
3262	6.96322
3262.5	6.96372
3263	6.38961
3263.5	5.83868
3264	6.34706
3264.5	8.07479
3265	9.80793
3265.5	10.12
3266	9.0182
3266.5	7.9806
3267	8.05018
3267.5	8.41716
3268	7.56111
3268.5	5.56363
3269	4.33462
3269.5	5.2022
3270	7.10346
3270.5	7.93472
3271	7.22055
3271.5	6.45032
3272	6.81793
3272.5	7.67705
3273	7.69739
3273.5	6.76181
3274	5.92085
3274.5	5.82458
3275	6.0473
3275.5	5.98309
3276	5.67295
3276.5	5.45132
3277	5.30224
3277.5	5.01982
3278	4.73806
3278.5	4.82526
3279	5.26313
3279.5	5.46036
3280	4.80961
3280.5	3.37414
3281	2.07025
3281.5	2.16129
3282	4.21646
3282.5	7.21944
3283	8.96739
3283.5	7.99595
3284	5.23816
3284.5	3.20949
3285	3.18488
3285.5	3.8599
3286	3.24094
3286.5	1.38993
3287	0.453407
3287.5	1.98549
3288	5.08792
3288.5	7.6012
3289	8.51193
3289.5	8.50361
3290	8.41882
3290.5	8.04543
3291	6.74529
3291.5	4.7894
3292	3.48817
3292.5	3.90384
3293	5.67461
3293.5	7.31283
3294	7.68645
3294.5	7.08196
3295	6.66517
3295.5	6.96932
3296	7.25059
3296.5	6.54054
3297	5.05087
3297.5	4.07985
3298	4.53667
3298.5	5.99648
3299	7.35941
3299.5	8.01625
3300	8.02825
3300.5	7.50378
3301	6.39425
3301.5	4.97613
3302	3.99758
3302.5	4.09695
3303	5.20907
3303.5	6.65451
3304	7.71152
3304.5	8.01988
3305	7.6526
3305.5	6.94779
3306	6.19519
3306.5	5.42458
3307	4.60332
3307.5	4.03086
3308	4.24896
3308.5	5.35449
3309	6.6004
3309.5	6.9792
3310	6.16095
3310.5	4.66481
3311	3.25333
3311.5	2.48919
3312	2.75627
3312.5	4.10932
3313	5.82965
3313.5	6.60593
3314	5.71628
3314.5	3.97371
3315	2.99141
3315.5	3.46453
3316	4.58644
3316.5	5.18283
3317	5.12257
3317.5	5.35325
3318	6.6196
3318.5	8.38919
3319	9.2337
3319.5	8.32806
3320	6.43956
3320.5	5.19073
3321	5.30394
3321.5	5.8655
3322	5.537
3322.5	4.23732
3323	3.22975
3323.5	3.60204
3324	5.05561
3324.5	6.29556
3325	6.33412
3325.5	5.30903
3326	4.29086
3326.5	4.35357
3327	5.67761
3327.5	7.40442
3328	8.47595
3328.5	8.66653
3329	8.62497
3329.5	8.94379
3330	9.52939
3330.5	9.97016
3331	10.1151
3331.5	10.0193
3332	9.65635
3332.5	9.08123
3333	8.65832
3333.5	8.645
3334	8.60633
3334.5	7.76201
3335	6.07484
3335.5	4.55977
3336	4.15695
3336.5	4.52738
3337	4.58815
3337.5	4.01212
3338	3.68374
3338.5	4.45102
3339	5.89771
3339.5	6.89489
3340	7.17251
3340.5	7.53975
3341	8.38043
3341.5	8.73786
3342	7.54521
3342.5	5.33022
3343	3.88025
3343.5	4.25898
3344	5.82069
3344.5	7.22211
3345	7.73381
3345.5	7.45647
3346	6.86206
3346.5	6.56971
3347	6.99024
3347.5	7.82378
3348	8.3104
3348.5	8.23158
3349	8.18062
3349.5	8.51162
3350	8.57582
3350.5	7.60198
3351	6.01163
3351.5	5.18736
3352	5.95657
3352.5	7.74814
3353	9.20427
3353.5	9.24505
3354	7.73417
3354.5	5.44607
3355	3.54032
3355.5	2.7222
3356	2.88025
3356.5	3.6679
3357	5.11479
3357.5	7.20588
3358	9.09587
3358.5	9.49075
3359	8.04961
3359.5	5.96016
3360	4.85387
3360.5	5.40934
3361	7.12589
3361.5	9.02639
3362	10.3001
3362.5	10.5898
3363	10.1131
3363.5	9.46132
3364	8.96486
3364.5	8.31956
3365	7.0799
3365.5	5.4227
3366	4.07963
3366.5	3.47401
3367	3.26266
3367.5	2.934
3368	2.62776
3368.5	3.03896
3369	4.48381
3369.5	6.31528
3370	7.48092
3370.5	7.42608
3371	6.44173
3371.5	5.23237
3372	4.29027
3372.5	3.73001
3373	3.63281
3373.5	4.31585
3374	5.99628
3374.5	8.1624
3375	9.61271
3375.5	9.46146
3376	8.06849
3376.5	6.58008
3377	5.54851
3377.5	4.612
3378	3.44638
3378.5	2.57403
3379	2.88917
3379.5	4.55628
3380	6.66707
3380.5	7.98158
3381	7.90906
3381.5	6.85294
3382	5.73499
3382.5	5.19065
3383	5.16991
3383.5	5.41984
3384	6.00196
3384.5	7.07729
3385	8.32899
3385.5	9.03765
3386	8.81341
3386.5	7.92221
3387	6.82862
3387.5	5.81875
3388	5.21554
3388.5	5.49515
3389	6.77879
3389.5	8.43003
3390	9.54371
3390.5	9.55566
3391	8.40697
3391.5	6.5509
3392	4.98582
3392.5	4.74009
3393	5.85986
3393.5	7.26466
3394	8.09604
3394.5	8.85955
3395	10.5293
3395.5	12.6181
3396	13.3052
3396.5	11.5882
3397	8.61092
3397.5	6.45061
3398	5.95458
3398.5	6.21188
3399	5.93734
3399.5	4.82737
3400	3.48964
3400.5	2.58483
3401	2.47219
3401.5	3.35363
3402	5.12835
3402.5	6.9348
3403	7.53177
3403.5	6.57597
3404	5.1942
3404.5	4.80734
3405	5.56255
3405.5	6.40081
3406	6.53162
3406.5	6.22478
3407	6.0388
3407.5	5.89201
3408	5.37236
3408.5	4.52689
3409	4.0035
3409.5	4.39757
3410	5.42879
3410.5	5.72659
3411	3.79226
3411.5	-0.324406
3412	-4.38603
3412.5	-5.79022
3413	-4.09307
3413.5	-0.986371
3414	1.8327
3414.5	4.02783
3415	5.84916
3415.5	6.91757
3416	6.49426
3416.5	4.69938
3417	2.87879
3417.5	2.55168
3418	3.88819
3418.5	5.5289
3419	5.87138
3419.5	4.78685
3420	3.8198
3420.5	4.30028
3421	5.56991
3421.5	5.80353
3422	4.48009
3422.5	3.10371
3423	3.06075
3423.5	3.95621
3424	4.7343
3424.5	5.28998
3425	6.11124
3425.5	6.96768
3426	7.07335
3426.5	6.4241
3427	5.98279
3427.5	6.33576
3428	6.88785
3428.5	6.89429
3429	6.48856
3429.5	6.39957
3430	7.03199
3430.5	8.10477
3431	9.01477
3431.5	9.40024
3432	9.45216
3432.5	9.65465
3433	10.0223
3433.5	9.90495
3434	8.90246
3434.5	7.74445
3435	7.66002
3435.5	8.8096
3436	9.9269
3436.5	9.76035
3437	8.3786
3437.5	6.77559
3438	5.60001
3438.5	4.98372
3439	5.04797
3439.5	5.83812
3440	6.86922
3440.5	7.36363
3441	7.13941
3441.5	6.91665
3442	7.47528
3442.5	8.59678
3443	9.21213
3443.5	8.41024
3444	6.32928
3444.5	4.14764
3445	3.20287
3445.5	3.96176
3446	5.67208
3446.5	6.96354
3447	7.05089
3447.5	6.26807
3448	5.49125
3448.5	5.05587
3449	4.46457
3449.5	3.42785
3450	2.85291
3450.5	3.99452
3451	6.42842
3451.5	8.0322
3452	7.63916
3452.5	6.51727
3453	6.5278
3453.5	7.4869
3454	7.66237
3454.5	6.7008
3455	6.5285
3455.5	8.48335
3456	11.0409
3456.5	11.6591
3457	9.7618
3457.5	7.0039
3458	5.13502
3458.5	4.75561
3459	5.9402
3459.5	8.57238
3460	11.459
3460.5	12.628
3461	11.316
3461.5	9.09965
3462	8.08887
3462.5	8.38505
3463	8.37464
3463.5	7.37257
3464	6.65691
3464.5	7.18442
3465	8.06335
3465.5	7.98123
3466	7.09083
3466.5	6.39609
3467	5.91594
3467.5	4.83201
3468	3.465
3468.5	3.38639
3469	5.12699
3469.5	7.02487
3470	7.05205
3470.5	5.25699
3471	3.63523
3471.5	3.75765
3472	5.11253
3472.5	6.28871
3473	6.91121
3473.5	7.65683
3474	8.70419
3474.5	9.00307
3475	7.61597
3475.5	5.33249
3476	4.05824
3476.5	4.49482
3477	5.68484
3477.5	6.61553
3478	7.24837
3478.5	7.66139
3479	7.29517
3479.5	6.00996
3480	5.18471
3480.5	6.11884
3481	7.97857
3481.5	8.46408
3482	6.63106
3482.5	4.04449
3483	2.73278
3483.5	2.82811
3484	3.11677
3484.5	3.28394
3485	3.95141
3485.5	4.99236
3486	5.17625
3486.5	4.07083
3487	3.16513
3487.5	3.86443
3488	5.25667
3488.5	5.44468
3489	4.2842
3489.5	3.46793
3490	3.97544
3490.5	4.88668
3491	5.13756
3491.5	5.08115
3492	5.33184
3492.5	5.59614
3493	5.40711
3493.5	5.13493
3494	5.48312
3494.5	6.55622
3495	7.9437
3495.5	9.11204
3496	9.20886
3496.5	7.61609
3497	5.21706
3497.5	4.0458
3498	4.85106
3498.5	5.77864
3499	4.96623
3499.5	2.8549
3500	1.32858
3500.5	1.48306
3501	3.12097
3501.5	5.58071
3502	7.83535
3502.5	8.6025
3503	7.47774
3503.5	5.64424
3504	4.51132
3504.5	4.03668
3505	3.29748
3505.5	2.36898
3506	2.21263
3506.5	3.03901
3507	3.95654
3507.5	4.15755
3508	3.63519
3508.5	2.77279
3509	2.04087
3509.5	2.05387
3510	3.11163
3510.5	4.52585
3511	5.084
3511.5	4.37777
3512	3.19862
3512.5	2.42148
3513	2.11698
3513.5	2.0632
3514	2.30906
3514.5	2.84791
3515	3.12019
3515.5	2.49161
3516	1.30718
3516.5	0.810837
3517	1.90229
3517.5	3.94028
3518	4.99046
3518.5	3.55812
3519	0.569328
3519.5	-1.30764
3520	-0.244003
3520.5	2.85262
3521	5.29459
3521.5	5.48092
3522	4.4159
3522.5	3.96848
3523	4.46084
3523.5	4.97607
3524	5.02533
3524.5	5.02769
3525	5.31042
3525.5	5.52049
3526	5.34204
3526.5	4.94329
3527	4.62536
3527.5	4.54559
3528	4.80078
3528.5	5.22277
3529	5.20983
3529.5	4.4523
3530	3.65428
3530.5	3.82971
3531	4.90009
3531.5	5.77775
3532	6.03462
3532.5	6.23133
3533	6.54935
3533.5	6.28361
3534	5.08809
3534.5	3.86527
3535	3.63168
3535.5	4.22567
3536	4.82975
3536.5	5.03404
3537	4.93357
3537.5	4.60043
3538	3.97156
3538.5	3.03862
3539	1.92084
3539.5	0.996725
3540	0.909962
3540.5	1.93724
3541	3.18704
3541.5	3.33886
3542	2.20819
3542.5	1.01142
3543	0.897707
3543.5	1.62078
3544	2.03136
3544.5	1.75934
3545	1.62882
3545.5	2.54678
3546	4.27764
3546.5	5.51069
3547	5.35881
3547.5	4.46657
3548	4.12258
3548.5	4.70902
3549	5.37837
3549.5	5.25938
3550	4.57993
3550.5	4.13836
3551	4.25594
3551.5	4.58282
3552	4.58592
3552.5	3.96002
3553	2.73272
3553.5	1.13211
3554	-0.357157
3554.5	-0.858112
3555	0.499784
3555.5	3.43107
3556	5.79099
3556.5	5.54316
3557	3.00629
3557.5	0.70981
3558	0.684387
3558.5	2.49794
3559	4.42833
3559.5	5.67451
3560	6.27541
3560.5	6.31244
3561	6.02748
3561.5	6.0461
3562	6.44461
3562.5	6.3239
3563	5.01951
3563.5	3.30357
3564	2.6591
3564.5	3.29732
3565	4.23137
3565.5	4.81047
3566	5.31815
3566.5	5.95492
3567	6.02815
3567.5	4.99473
3568	3.59095
3568.5	3.10254
3569	3.64515
3569.5	3.94069
3570	3.24792
3570.5	2.40206
3571	2.36854
3571.5	2.78024
3572	2.5973
3572.5	1.74963
3573	1.07681
3573.5	0.857851
3574	0.593063
3574.5	-0.0220108
3575	-0.59848
3575.5	-0.640932
3576	-0.0531158
3576.5	0.983778
3577	2.14793
3577.5	3.03088
3578	3.3804
3578.5	3.28219
3579	3.0027
3579.5	2.88468
3580	3.24459
3580.5	3.98476
3581	4.37269
3581.5	3.767
3582	2.33538
3582.5	0.821247
3583	-0.17277
3583.5	-0.35269
3584	0.448622
3584.5	1.87349
3585	2.9276
3585.5	3.06322
3586	3.10086
3586.5	3.88992
3587	4.7817
3587.5	4.4552
3588	2.86635
3588.5	1.36139
3589	0.712385
3589.5	0.549969
3590	0.531826
3590.5	0.784414
3591	1.0926
3591.5	0.934475
3592	0.668631
3592.5	1.38378
3593	3.22507
3593.5	4.8
3594	5.15812
3594.5	5.0445
3595	5.42299
3595.5	5.85585
3596	5.21848
3596.5	3.71702
3597	2.43925
3597.5	1.82987
3598	1.51581
3598.5	1.30255
3599	1.304
3599.5	1.28412
3600	0.99029
3600.5	0.928484
3601	1.7958
3601.5	2.94433
3602	3.06055
3602.5	2.09513
3603	1.45401
3603.5	1.93337
3604	2.39216
3604.5	1.7826
3605	0.86875
3605.5	1.17153
3606	2.70974
3606.5	3.86905
3607	3.72205
3607.5	2.80644
3608	1.91709
3608.5	1.14971
3609	0.568768
3609.5	0.767246
3610	2.00408
3610.5	3.53372
3611	4.4521
3611.5	4.72449
3612	4.46216
3612.5	3.26136
3613	1.17968
3613.5	-0.250178
3614	0.346973
3614.5	2.20879
3615	3.30513
3615.5	2.89675
3616	2.21652
3616.5	2.22726
3617	2.4502
3617.5	2.12267
3618	1.38305
3618.5	1.00125
3619	1.54203
3619.5	3.14376
3620	5.28072
3620.5	6.61932
3621	6.09738
3621.5	4.09562
3622	2.12038
3622.5	1.40744
3623	1.94854
3623.5	2.71924
3624	2.65258
3624.5	1.45453
3625	0.121949
3625.5	0.0561743
3626	1.21763
3626.5	2.19579
3627	2.13574
3627.5	1.83485
3628	2.21623
3628.5	2.82264
3629	2.84142
3629.5	2.40615
3630	2.10068
3630.5	1.9384
3631	1.8816
3631.5	2.26886
3632	2.93355
3632.5	2.87361
3633	1.84733
3633.5	0.86003
3634	0.664104
3634.5	0.885899
3635	1.36998
3635.5	2.65561
3636	4.28648
3636.5	4.40034
3637	2.60221
3637.5	1.04276
3638	1.36429
3638.5	2.33663
3639	1.95659
3639.5	0.919817
3640	1.12926
3640.5	2.40674
3641	2.60171
3641.5	1.14051
3642	-0.187526
3642.5	-0.0133743
3643	1.04302
3643.5	1.92922
3644	2.84611
3644.5	4.0942
3645	4.76882
3645.5	3.8038
3646	2.044
3646.5	1.32061
3647	2.25115
3647.5	3.73918
3648	4.5313
3648.5	4.4669
3649	3.96465
3649.5	3.51382
3650	3.68896
3650.5	4.69227
3651	5.8741
3651.5	6.22033
3652	5.44265
3652.5	4.34482
3653	3.88942
3653.5	4.60542
3654	6.31108
3654.5	7.75115
3655	7.37573
3655.5	5.07352
3656	2.7492
3656.5	2.47489
3657	3.89105
3657.5	5.08077
3658	4.79192
3658.5	3.36402
3659	1.89426
3659.5	1.14271
3660	1.46667
3660.5	2.80383
3661	4.59258
3661.5	6.27047
3662	7.49071
3662.5	7.77826
3663	6.67979
3663.5	4.70467
3664	3.18663
3664.5	2.76948
3665	2.3251
3665.5	0.675911
3666	-1.21561
3666.5	-1.04815
3667	1.99155
3667.5	5.68036
3668	7.5696
3668.5	6.99299
3669	4.92565
3669.5	2.92525
3670	2.19886
3670.5	3.07355
3671	4.28232
3671.5	4.14708
3672	3.18653
3672.5	3.69869
3673	6.32212
3673.5	8.0469
3674	6.19413
3674.5	2.11957
3675	-0.175797
3675.5	0.979497
3676	3.50422
3676.5	4.99784
3677	5.07674
3677.5	4.64377
3678	4.13104
3678.5	3.63194
3679	3.56688
3679.5	4.12071
3680	4.67323
3680.5	4.7493
3681	4.90256
3681.5	5.80802
3682	6.78375
3682.5	6.63343
3683	5.46418
3683.5	4.59632
3684	4.37986
3684.5	4.00939
3685	3.54871
3685.5	4.42784
3686	6.82786
3686.5	8.69257
3687	8.19605
3687.5	6.41164
3688	5.64587
3688.5	6.36533
3689	7.31408
3689.5	7.68889
3690	7.80288
3690.5	7.86749
3691	7.7913
3691.5	7.96065
3692	8.79265
3692.5	9.55294
3693	8.72048
3693.5	6.2737
3694	4.18343
3694.5	4.27293
3695	6.32948
3695.5	8.56486
3696	9.98808
3696.5	10.7995
3697	11.0982
3697.5	10.3
3698	8.24118
3698.5	5.97839
3699	4.88188
3699.5	4.94844
3700	5.32168
