#Imported=	16.12.2021 13:58:46
#Base:Fit=	16.12.2021 14:11:51
#Base:Fit=	16.12.2021 14:12:09
#Base:Fit=	16.12.2021 14:12:16
#Data Range:Extract=	16.12.2021 14:12:52
#Base:Fit=	16.12.2021 14:14:43
#Base:Edit=	16.12.2021 14:25:06
#Base:Edit=	16.12.2021 14:25:07
#Base:Edit=	16.12.2021 14:25:07
#Base:Edit=	16.12.2021 14:25:07
#Base:Edit=	16.12.2021 14:25:09
#Base:Edit=	16.12.2021 14:25:09
#Base:Edit=	16.12.2021 14:25:09
#Base:Edit=	16.12.2021 14:25:10
#Base:Edit=	16.12.2021 14:25:10
#Base:Edit=	16.12.2021 14:25:10
#Base:Edit=	16.12.2021 14:25:11
#Peaks:Remove=	16.12.2021 14:25:13
#Peaks:Remove=	16.12.2021 14:25:14
#Peaks:Remove=	16.12.2021 14:25:15
#Peaks:Remove=	16.12.2021 14:25:16
#Peaks:Remove=	16.12.2021 14:25:18
#Base:Edit=	16.12.2021 14:25:19
#Base:Edit=	16.12.2021 14:25:20
#Base:Edit=	16.12.2021 14:25:20
#Base:Edit=	16.12.2021 14:25:20
#Base:Edit=	16.12.2021 14:25:21
#Base:Edit=	16.12.2021 14:25:21
#Base:Edit=	16.12.2021 14:25:21
#Base:Sub=	16.12.2021 14:25:23
100	7.78328
100.5	7.71594
101	7.25368
101.5	6.38962
102	5.36736
102.5	4.40748
103	3.72054
103.5	3.32718
104	3.14665
104.5	2.97097
105	2.68771
105.5	2.30412
106	1.94504
106.5	1.77271
107	1.88662
107.5	2.10735
108	2.21285
108.5	1.91858
109	1.2115
109.5	0.244095
110	-0.501385
110.5	-0.678112
111	-0.0132523
111.5	1.41352
112	3.25313
112.5	4.95907
113	6.15084
113.5	6.68334
114	6.48545
114.5	5.81458
115	4.79993
115.5	3.62464
116	2.41459
116.5	1.31533
117	0.513893
117.5	0.219799
118	0.782585
118.5	1.94479
119	3.45138
119.5	4.85215
120	5.72803
120.5	5.63354
121	4.68801
121.5	3.35781
122	2.15575
122.5	1.53167
123	1.72129
123.5	2.80667
124	4.12931
124.5	5.22619
125	5.67836
125.5	5.42319
126	4.53814
126.5	3.56466
127	2.94667
127.5	3.03024
128	3.67529
128.5	4.60693
129	5.24373
129.5	5.19448
130	4.31493
130.5	2.83472
131	1.23048
131.5	0.120445
132	-0.0176201
132.5	0.764236
133	2.30058
133.5	4.007
134	5.40434
134.5	5.98582
135	5.70407
135.5	4.69957
136	3.33386
136.5	1.97023
137	1.00205
137.5	0.654751
138	0.979847
138.5	1.95157
139	3.3148
139.5	4.89172
140	6.43933
140.5	7.74739
141	8.65728
141.5	9.17472
142	9.34697
142.5	9.19226
143	8.86425
143.5	8.46883
144	8.11369
144.5	7.85167
145	7.71573
145.5	7.681
146	7.67937
146.5	7.61016
147	7.4284
147.5	7.13749
148	6.78696
148.5	6.47422
149	6.30004
149.5	6.26947
150	6.29242
150.5	6.25463
151	6.06624
151.5	5.71346
152	5.27159
152.5	4.9347
153	4.82281
153.5	4.98627
154	5.30246
154.5	5.5958
155	5.63647
155.5	5.40003
156	4.94408
156.5	4.46847
157	4.13448
157.5	4.06753
158	4.13707
158.5	4.12164
159	3.82796
159.5	3.24252
160	2.46563
160.5	1.81605
161	1.6034
161.5	2.0513
162	2.97421
162.5	4.15364
163	5.28019
163.5	6.12152
164	6.66611
164.5	7.15609
165	7.83958
165.5	8.94197
166	10.4279
166.5	12.1002
167	13.5633
167.5	14.6047
168	15.1378
168.5	15.2517
169	15.2167
169.5	15.2821
170	15.5339
170.5	15.8381
171	15.9269
171.5	15.5909
172	14.6933
172.5	13.1707
173	11.3546
173.5	9.49389
174	7.77847
174.5	6.26208
175	4.95178
175.5	3.79228
176	2.80192
176.5	2.17082
177	1.99099
177.5	2.36594
178	3.26258
178.5	4.34341
179	5.15449
179.5	5.35966
180	4.90129
180.5	3.80683
181	2.46769
181.5	1.27373
182	0.586636
182.5	0.355808
183	0.48259
183.5	0.755611
184	0.978825
184.5	1.0302
185	0.946251
185.5	0.820919
186	0.743729
186.5	0.763916
187	0.912491
187.5	1.21085
188	1.6104
188.5	2.036
189	2.37985
189.5	2.5546
190	2.46649
190.5	2.16789
191	1.79149
191.5	1.51533
192	1.39275
192.5	1.38403
193	1.33627
193.5	1.0886
194	0.554497
194.5	-0.0447617
195	-0.424191
195.5	-0.206509
196	0.641209
196.5	2.01155
197	3.48612
197.5	4.53951
198	4.83659
198.5	4.35078
199	3.36847
199.5	2.24504
200	1.41448
200.5	1.05305
201	1.18724
201.5	1.58345
202	2.09803
202.5	2.61857
203	3.1183
203.5	3.62163
204	4.12009
204.5	4.55527
205	4.80307
205.5	4.81081
206	4.56507
206.5	4.1634
207	3.82663
207.5	3.72253
208	3.93756
208.5	4.40548
209	5.00079
209.5	5.48945
210	5.73515
210.5	5.66911
211	5.4341
211.5	5.16542
212	5.02104
212.5	5.06696
213	5.26383
213.5	5.48678
214	5.65414
214.5	5.7421
215	5.82702
215.5	6.01928
216	6.4375
216.5	6.99123
217	7.53806
217.5	7.8689
218	7.85321
218.5	7.36533
219	6.48756
219.5	5.41689
220	4.32
220.5	3.31918
221	2.47882
221.5	1.84781
222	1.43435
222.5	1.309
223	1.49416
223.5	1.95201
224	2.63707
224.5	3.38019
225	4.02405
225.5	4.36842
226	4.47394
226.5	4.43883
227	4.44516
227.5	4.6407
228	5.12928
228.5	5.83173
229	6.53825
229.5	6.98906
230	7.11165
230.5	6.94105
231	6.67089
231.5	6.60959
232	7.1012
232.5	8.19619
233	9.69034
233.5	11.3261
234	12.7959
234.5	13.9527
235	14.8
235.5	15.6823
236	16.9007
236.5	18.6198
237	20.6742
237.5	22.7361
238	24.3136
238.5	25.0097
239	24.6051
239.5	23.5211
240	22.1745
240.5	21.0987
241	20.6309
241.5	21.0082
242	22.1416
242.5	23.6284
243	25.185
243.5	26.5517
244	27.588
244.5	28.1115
245	28.1307
245.5	27.6037
246	26.5324
246.5	25.0731
247	23.3534
247.5	21.6038
248	20.0252
248.5	18.8502
249	18.0079
249.5	17.3926
250	16.854
250.5	16.2306
251	15.4153
251.5	14.3655
252	13.1568
252.5	11.9246
253	10.8542
253.5	10.1221
254	10.0261
254.5	10.5726
255	11.758
255.5	13.2688
256	14.5892
256.5	15.2476
257	14.993
257.5	13.9504
258	12.4087
258.5	11.0376
259	10.3297
259.5	10.5729
260	11.4424
260.5	12.5954
261	13.5836
261.5	14.1559
262	14.2114
262.5	14.0374
263	13.8616
263.5	13.8102
264	13.8285
264.5	13.7912
265	13.5377
265.5	13.0661
266	12.5104
266.5	12.0932
267	11.9831
267.5	12.367
268	13.2239
268.5	14.4777
269	16.0064
269.5	17.5037
270	18.7175
270.5	19.3708
271	19.3871
271.5	18.6789
272	17.442
272.5	16.0284
273	14.85
273.5	14.1187
274	13.9073
274.5	14.1762
275	14.6493
275.5	15.0976
276	15.3111
276.5	15.284
277	15.0515
277.5	14.7389
278	14.4392
278.5	14.2189
279	14.0643
279.5	13.941
280	13.8288
280.5	13.7689
281	13.8925
281.5	14.361
282	15.277
282.5	16.777
283	18.6623
283.5	20.6022
284	22.1789
284.5	23.1631
285	23.3946
285.5	22.958
286	22.1957
286.5	21.5033
287	21.1873
287.5	21.3273
288	21.9692
288.5	22.9051
289	24.007
289.5	25.1405
290	26.1687
290.5	26.9145
291	27.1941
291.5	26.9044
292	25.8928
292.5	24.3587
293	22.5838
293.5	21.0422
294	20.0671
294.5	19.7729
295	19.9983
295.5	20.3369
296	20.3671
296.5	19.814
297	18.6474
297.5	17.0121
298	15.3063
298.5	13.7383
299	12.4249
299.5	11.3065
300	10.3429
300.5	9.53726
301	8.97802
301.5	8.83617
302	9.09531
302.5	9.6345
303	10.2293
303.5	10.6212
304	10.6505
304.5	10.3205
305	9.89291
305.5	9.5942
306	9.53171
306.5	9.66082
307	9.86742
307.5	10.0082
308	10.034
308.5	10.0089
309	10.036
309.5	10.1393
310	10.2409
310.5	10.223
311	9.96456
311.5	9.50029
312	8.98195
312.5	8.64869
313	8.57962
313.5	8.76781
314	9.10462
314.5	9.44413
315	9.73213
315.5	10.0491
316	10.5458
316.5	11.3703
317	12.4582
317.5	13.6751
318	14.8109
318.5	15.7155
319	16.304
319.5	16.6012
320	16.7457
320.5	16.7804
321	16.7245
321.5	16.5831
322	16.3936
322.5	16.2888
323	16.4772
323.5	17.2301
324	18.5289
324.5	20.3558
325	22.5174
325.5	24.7909
326	27.0231
326.5	29.1714
327	31.3022
327.5	33.5619
328	36.0116
328.5	38.6661
329	41.4477
329.5	44.2075
330	46.7558
330.5	48.9189
331	50.5698
331.5	51.5502
332	51.9858
332.5	51.9522
333	51.5596
333.5	51.0031
334	50.3615
334.5	49.635
335	48.7462
335.5	47.5638
336	46.0846
336.5	44.3687
337	42.5086
337.5	40.6397
338	38.8057
338.5	36.9629
339	35.0301
339.5	32.9812
340	30.9085
340.5	28.9478
341	27.2593
341.5	25.8144
342	24.4898
342.5	23.0337
343	21.2988
343.5	19.3131
344	17.3034
344.5	15.5374
345	14.2884
345.5	13.5717
346	13.2693
346.5	13.2592
347	13.3499
347.5	13.5209
348	13.7743
348.5	14.0364
349	14.1338
349.5	13.8591
350	13.1276
350.5	11.9619
351	10.787
351.5	9.96294
352	9.77442
352.5	10.0424
353	10.4637
353.5	10.592
354	10.1889
354.5	9.20226
355	8.06989
355.5	7.20401
356	6.97928
356.5	7.30242
357	7.98737
357.5	8.71231
358	9.20856
358.5	9.31757
359	9.1076
359.5	8.74703
360	8.36797
360.5	8.08994
361	7.99915
361.5	8.21992
362	8.74583
362.5	9.57284
363	10.5438
363.5	11.4097
364	11.9252
364.5	12.0003
365	11.7114
365.5	11.2304
366	10.863
366.5	10.8324
367	11.2554
367.5	11.8518
368	12.2704
368.5	12.1143
369	11.2113
369.5	9.46042
370	7.25099
370.5	5.07347
371	3.68467
371.5	3.31886
372	4.00997
372.5	5.44994
373	7.04615
373.5	8.28584
374	8.8674
374.5	8.80274
375	8.17362
375.5	7.30546
376	6.32303
376.5	5.19719
377	3.90009
377.5	2.44056
378	0.98214
378.5	-0.232426
379	-0.876179
379.5	-0.856903
380	-0.341625
380.5	0.43808
381	1.16217
381.5	1.66259
382	1.88102
382.5	1.92157
383	1.87053
383.5	1.79311
384	1.68629
384.5	1.51622
385	1.30764
385.5	1.13527
386	1.14789
386.5	1.43325
387	2.07402
387.5	3.05128
388	4.2091
388.5	5.34223
389	6.24868
389.5	6.80913
390	6.87531
390.5	6.55095
391	5.90696
391.5	5.04914
392	4.11332
392.5	3.16858
393	2.27578
393.5	1.51165
394	1.0755
394.5	1.12459
395	1.78259
395.5	3.13163
396	4.81267
396.5	6.35575
397	7.09279
397.5	6.79767
398	5.38998
398.5	3.37873
399	1.41164
399.5	0.270382
400	0.233932
400.5	1.33657
401	3.28194
401.5	5.31839
402	6.85888
402.5	7.55238
403	7.41911
403.5	6.52046
404	5.25274
404.5	3.96449
405	3.05258
405.5	2.72049
406	3.07446
406.5	4.00536
407	5.19455
407.5	6.34369
408	7.19224
408.5	7.6567
409	7.72286
409.5	7.59687
410	7.41748
410.5	7.23777
411	7.01086
411.5	6.68541
412	6.312
412.5	6.05112
413	6.16245
413.5	6.75449
414	7.75176
414.5	8.87672
415	9.67022
415.5	9.85947
416	9.42617
416.5	8.74334
417	8.23776
417.5	8.25323
418	8.81091
418.5	9.71633
419	10.4801
419.5	10.7244
420	10.3133
420.5	9.61584
421	9.05904
421.5	9.08543
422	9.80231
422.5	11.152
423	12.6874
423.5	13.9596
424	14.4394
424.5	14.2166
425	13.5291
425.5	12.8238
426	12.5252
426.5	12.9429
427	14.0518
427.5	15.5293
428	16.9312
428.5	17.8183
429	17.9955
429.5	17.5089
430	16.8049
430.5	16.2668
431	16.2336
431.5	16.7431
432	17.7364
432.5	18.9234
433	20.0467
433.5	20.8902
434	21.5104
434.5	22.0278
435	22.6016
435.5	23.3116
436	24.1431
436.5	24.9515
437	25.559
437.5	25.759
438	25.5626
438.5	25.1388
439	24.8258
439.5	24.8801
440	25.4174
440.5	26.3064
441	27.1766
441.5	27.6193
442	27.4239
442.5	26.6956
443	25.7489
443.5	25.0767
444	24.893
444.5	25.1334
445	25.3771
445.5	25.206
446	24.3717
446.5	23.023
447	21.4948
447.5	20.2614
448	19.5947
448.5	19.5358
449	19.6309
449.5	19.524
450	18.954
450.5	18.0202
451	16.9768
451.5	16.2052
452	15.93
452.5	16.2674
453	16.9009
453.5	17.4374
454	17.4668
454.5	16.9651
455	16.0728
455.5	15.1875
456	14.6957
456.5	14.9041
457	15.6843
457.5	16.6614
458	17.2285
458.5	17.0226
459	16.0311
459.5	14.5865
460	13.2842
460.5	12.6353
461	12.8338
461.5	13.6611
462	14.7555
462.5	15.6378
463	16.0553
463.5	15.9044
464	15.495
464.5	15.008
465	14.5479
465.5	14.0956
466	13.5768
466.5	12.9623
467	12.3019
467.5	11.7153
468	11.2887
468.5	11.0463
469	10.9054
469.5	10.7258
470	10.4044
470.5	9.90012
471	9.24259
471.5	8.44556
472	7.55512
472.5	6.60149
473	5.62878
473.5	4.71858
474	3.97361
474.5	3.46544
475	3.15688
475.5	3.01268
476	2.97454
476.5	3.04037
477	3.31446
477.5	3.84333
478	4.61143
478.5	5.43365
479	5.95562
479.5	5.78564
480	4.80735
480.5	3.31476
481	1.78479
481.5	0.782837
482	0.60886
482.5	1.42586
483	2.72091
483.5	4.03711
484	4.91834
484.5	5.26786
485	5.20212
485.5	5.01401
486	4.86797
486.5	4.77673
487	4.65406
487.5	4.46665
488	4.31765
488.5	4.40144
489	4.92545
489.5	5.93496
490	7.1932
490.5	8.33424
491	9.0662
491.5	9.33387
492	9.19593
492.5	8.94745
493	8.75215
493.5	8.64352
494	8.4851
494.5	8.0682
495	7.26546
495.5	6.14758
496	4.94971
496.5	4.02954
497	3.64242
497.5	4.02011
498	4.95338
498.5	6.20141
499	7.34867
499.5	8.03621
500	7.92393
500.5	7.00741
501	5.50036
501.5	3.71148
502	2.11466
502.5	1.01918
503	0.681564
503.5	1.00757
504	1.92756
504.5	3.19471
505	4.50827
505.5	5.56321
506	6.1804
506.5	6.31888
507	6.02469
507.5	5.63021
508	5.40467
508.5	5.51756
509	5.88609
509.5	6.31974
510	6.5602
510.5	6.48544
511	6.09578
511.5	5.66279
512	5.46282
512.5	5.76661
513	6.52159
513.5	7.55286
514	8.55627
514.5	9.34769
515	9.87343
515.5	10.2956
516	10.7978
516.5	11.541
517	12.4357
517.5	13.2679
518	13.6774
518.5	13.4597
519	12.449
519.5	10.8694
520	9.14432
520.5	7.75066
521	6.98606
521.5	6.9716
522	7.70337
522.5	8.78615
523	9.87832
523.5	10.6226
524	10.8781
524.5	10.5951
525	10.016
525.5	9.4383
526	9.16932
526.5	9.25741
527	9.65169
527.5	10.1903
528	10.684
528.5	11.0322
529	11.2422
529.5	11.3792
530	11.4649
530.5	11.4627
531	11.287
531.5	10.8244
532	10.1738
532.5	9.49483
533	9.01278
533.5	8.85094
534	9.09095
534.5	9.63541
535	10.338
535.5	11.0364
536	11.5567
536.5	11.7213
537	11.3039
537.5	10.3218
538	8.87033
538.5	7.3978
539	6.38537
539.5	6.33528
540	7.20742
540.5	8.67188
541	10.1655
541.5	11.156
542	11.3792
542.5	10.919
543	10.2058
543.5	9.58097
544	9.17307
544.5	8.83718
545	8.30983
545.5	7.5407
546	6.68852
546.5	6.11015
547	6.02647
547.5	6.5076
548	7.30394
548.5	8.01591
549	8.27105
549.5	8.0179
550	7.44879
550.5	6.92272
551	6.7589
551.5	7.05329
552	7.61784
552.5	8.07315
553	8.04556
553.5	7.38237
554	6.23304
554.5	4.91666
555	3.90337
555.5	3.52111
556	3.98614
556.5	4.98245
557	6.14406
557.5	6.99318
558	7.272
558.5	6.90329
559	6.15119
559.5	5.29336
560	4.56426
560.5	4.03045
561	3.6815
561.5	3.47693
562	3.36903
562.5	3.37621
563	3.50461
563.5	3.71717
564	3.95103
564.5	4.14145
565	4.29195
565.5	4.49857
566	4.85491
566.5	5.4013
567	6.04248
567.5	6.57504
568	6.74434
568.5	6.43707
569	5.70825
569.5	4.6803
570	3.63029
570.5	2.73294
571	2.0953
571.5	1.65886
572	1.37884
572.5	1.21153
573	1.15686
573.5	1.27907
574	1.58491
574.5	2.04935
575	2.61964
575.5	3.17724
576	3.61185
576.5	3.80914
577	3.75239
577.5	3.4563
578	3.08832
578.5	2.86643
579	3.07655
579.5	3.74038
580	4.68565
580.5	5.51717
581	5.87599
581.5	5.53825
582	4.63434
582.5	3.59022
583	2.88205
583.5	2.75322
584	3.14147
584.5	3.79566
585	4.31418
585.5	4.48477
586	4.28341
586.5	3.90775
587	3.50679
587.5	3.14897
588	2.82954
588.5	2.61501
589	2.64916
589.5	3.11648
590	4.19303
590.5	5.66966
591	7.25072
591.5	8.52473
592	9.28109
592.5	9.4428
593	9.26771
593.5	9.03867
594	9.00322
594.5	9.21225
595	9.65908
595.5	10.3081
596	11.0917
596.5	11.9656
597	12.8343
597.5	13.6177
598	14.2991
598.5	15.0154
599	15.9537
599.5	17.3188
600	18.9896
600.5	20.704
601	22.0501
601.5	22.8257
602	23.0142
602.5	23.0011
603	23.2082
603.5	23.9516
604	25.05
604.5	26.2147
605	27.1261
605.5	27.7432
606	28.1956
606.5	28.7057
607	29.3299
607.5	29.8668
608	29.9714
608.5	29.3978
609	28.0052
609.5	26.217
610	24.4344
610.5	23.0226
611	21.9909
611.5	21.146
612	20.1801
612.5	19.0003
613	17.7378
613.5	16.685
614	16.0473
614.5	15.8866
615	15.944
615.5	15.9894
616	15.8899
616.5	15.7248
617	15.6971
617.5	15.9347
618	16.3835
618.5	16.8114
619	16.9642
619.5	16.7245
620	16.1861
620.5	15.6264
621	15.2188
621.5	14.9379
622	14.6459
622.5	14.2652
623	13.9568
623.5	14.0357
624	14.92
624.5	16.5124
625	18.4788
625.5	20.1275
626	20.926
626.5	20.5269
627	19.2933
627.5	17.7983
628	16.6314
628.5	15.96
629	15.6629
629.5	15.4274
630	15.0641
630.5	14.643
631	14.3901
631.5	14.423
632	14.6845
632.5	14.8627
633	14.6887
633.5	13.9906
634	13.0218
634.5	12.1114
635	11.6282
635.5	11.6785
636	12.2734
636.5	13.1979
637	14.265
637.5	15.3772
638	16.4719
638.5	17.4752
639	18.1972
639.5	18.4935
640	18.1786
640.5	17.2545
641	15.9468
641.5	14.5708
642	13.5434
642.5	13.1955
643	13.9547
643.5	15.7003
644	18.3339
644.5	21.4931
645	24.6084
645.5	27.078
646	28.4638
646.5	28.6355
647	27.417
647.5	25.2729
648	22.5666
648.5	19.699
649	17.029
649.5	14.7772
650	13.0326
650.5	11.7387
651	10.9237
651.5	10.5199
652	10.5076
652.5	10.9855
653	11.8559
653.5	13.0559
654	14.4083
654.5	15.656
655	16.5428
655.5	16.9522
656	16.9654
656.5	16.7482
657	16.5941
657.5	16.68
658	17.0632
658.5	17.5401
659	17.8571
659.5	17.7636
660	17.2389
660.5	16.3446
661	15.3161
661.5	14.344
662	13.5907
662.5	13.0652
663	12.7754
663.5	12.7311
664	12.881
664.5	13.1924
665	13.55
665.5	13.8122
666	13.8135
666.5	13.5356
667	13.0481
667.5	12.4998
668	12.0654
668.5	11.8507
669	11.8698
669.5	12.0279
670	12.237
670.5	12.3972
671	12.4298
671.5	12.2019
672	11.6783
672.5	10.8464
673	9.8061
673.5	8.81755
674	8.16708
674.5	8.04139
675	8.37162
675.5	8.96964
676	9.47331
676.5	9.62973
677	9.2438
677.5	8.48158
678	7.51729
678.5	6.5991
679	5.92235
679.5	5.68598
680	5.96494
680.5	6.70422
681	7.763
681.5	8.72447
682	9.16702
682.5	8.65891
683	7.35288
683.5	5.64201
684	4.24627
684.5	3.66277
685	4.16083
685.5	5.28535
686	6.4077
686.5	6.79039
687	6.29035
687.5	5.02203
688	3.41801
688.5	1.97307
689	0.994709
689.5	0.516899
690	0.409891
690.5	0.617207
691	1.04255
691.5	1.65538
692	2.40236
692.5	3.14547
693	3.77471
693.5	4.26377
694	4.71248
694.5	5.26198
695	5.96694
695.5	6.74473
696	7.37721
696.5	7.70262
697	7.6636
697.5	7.33578
698	6.90342
698.5	6.44331
699	5.93899
699.5	5.33943
700	4.64087
700.5	3.99023
701	3.57836
701.5	3.61587
702	4.00008
702.5	4.53262
703	4.89448
703.5	4.90343
704	4.51389
704.5	3.94961
705	3.47396
705.5	3.34899
706	3.57571
706.5	4.07511
707	4.69594
707.5	5.27844
708	5.73096
708.5	6.01546
709	6.13412
709.5	6.03659
710	5.71613
710.5	5.16573
711	4.37393
711.5	3.47647
712	2.64446
712.5	2.13788
713	2.1228
713.5	2.76604
714	3.94529
714.5	5.36216
715	6.60886
715.5	7.37451
716	7.52384
716.5	7.09044
717	6.42007
717.5	5.78168
718	5.36806
718.5	5.18273
719	5.16606
719.5	5.19384
720	5.1979
720.5	5.13811
721	5.01375
721.5	4.81506
722	4.55793
722.5	4.32178
723	4.25075
723.5	4.48369
724	5.05467
724.5	5.94001
725	6.90832
725.5	7.74232
726	8.21288
726.5	8.3083
727	8.04627
727.5	7.545
728	6.96549
728.5	6.43015
729	6.00913
729.5	5.69392
730	5.41405
730.5	5.04998
731	4.52069
731.5	3.83272
732	3.14273
732.5	2.66747
733	2.57899
733.5	2.8786
734	3.50391
734.5	4.2265
735	4.88384
735.5	5.34343
736	5.59015
736.5	5.57156
737	5.23023
737.5	4.60166
738	3.76833
738.5	2.98711
739	2.51454
739.5	2.62173
740	3.17679
740.5	3.9392
741	4.5409
741.5	4.77458
742	4.60709
742.5	4.24465
743	3.92789
743.5	3.78252
744	3.71639
744.5	3.57281
745	3.22526
745.5	2.79356
746	2.51426
746.5	2.66777
747	3.27126
747.5	4.17036
748	4.96031
748.5	5.30271
749	4.90874
749.5	3.98165
750	2.82469
750.5	1.85469
751	1.33489
751.5	1.43339
752	2.12643
752.5	3.2155
753	4.51369
753.5	5.72911
754	6.6176
754.5	6.86736
755	6.54311
755.5	5.76941
756	4.85246
756.5	4.1051
757	3.68106
757.5	3.46068
758	3.19317
758.5	2.63223
759	1.81264
759.5	0.935875
760	0.320559
760.5	0.0819073
761	0.184103
761.5	0.422972
762	0.632492
762.5	0.838951
763	1.2229
763.5	1.92339
764	2.967
764.5	4.04314
765	4.82965
765.5	5.06804
766	4.8871
766.5	4.53997
767	4.36482
767.5	4.5009
768	4.90387
768.5	5.27989
769	5.35575
769.5	4.8538
770	3.84612
770.5	2.46068
771	1.0136
771.5	-0.142271
772	-0.652662
772.5	-0.463001
773	0.217836
773.5	1.02172
774	1.52
774.5	1.50807
775	1.03303
775.5	0.468246
776	0.153374
776.5	0.280277
777	0.791023
777.5	1.61498
778	2.63061
778.5	3.80085
779	5.06924
779.5	6.21198
780	6.90225
780.5	6.82506
781	6.07464
781.5	4.9329
782	3.94925
782.5	3.49288
783	3.75307
783.5	4.37048
784	4.95473
784.5	5.10957
785	4.77405
785.5	3.99136
786	2.9579
786.5	1.89792
787	1.03313
787.5	0.54541
788	0.556652
788.5	1.22015
789	2.30362
789.5	3.57791
790	4.72929
790.5	5.57042
791	5.99919
791.5	6.07241
792	5.89144
792.5	5.49317
793	4.99136
793.5	4.50932
794	4.23379
794.5	4.22703
795	4.44246
795.5	4.6404
796	4.56448
796.5	4.03414
797	3.20365
797.5	2.38171
798	1.97432
798.5	2.06244
799	2.53657
799.5	3.05559
800	3.26829
800.5	2.9473
801	2.15376
801.5	1.15549
802	0.277473
802.5	-0.232096
803	-0.263569
803.5	0.241068
804	1.0706
804.5	2.06918
805	3.03879
805.5	3.82421
806	4.2571
806.5	4.26162
807	3.83382
807.5	2.95509
808	1.85787
808.5	0.770294
809	-0.0220108
809.5	-0.412054
810	-0.376633
810.5	-0.0762691
811	0.289665
811.5	0.626911
812	0.981901
812.5	1.46869
813	2.20683
813.5	3.09063
814	3.91439
814.5	4.37909
815	4.3594
815.5	3.82635
816	3.04389
816.5	2.35086
817	2.14215
817.5	2.52118
818	3.44614
818.5	4.70608
819	5.92662
819.5	6.83354
820	7.32064
820.5	7.51527
821	7.56972
821.5	7.61096
822	7.60547
822.5	7.35767
823	6.78645
823.5	5.9229
824	5.00701
824.5	4.33612
825	4.12841
825.5	4.33103
826	4.71708
826.5	5.05409
827	5.22753
827.5	5.24667
828	5.14765
828.5	4.95797
829	4.63447
829.5	4.17385
830	3.68165
830.5	3.32818
831	3.20474
831.5	3.24928
832	3.27932
832.5	3.14664
833	2.87651
833.5	2.69586
834	2.81804
834.5	3.30455
835	3.89469
835.5	4.22715
836	3.98061
836.5	3.2877
837	2.46659
837.5	1.91922
838	1.74501
838.5	1.82863
839	1.90454
839.5	1.84331
840	1.75606
840.5	1.91575
841	2.48292
841.5	3.47666
842	4.5807
842.5	5.55491
843	6.29758
843.5	6.95642
844	7.67403
844.5	8.41632
845	8.93393
845.5	8.80901
846	7.97216
846.5	6.67255
847	5.477
847.5	4.89832
848	5.13954
848.5	5.91202
849	6.56253
849.5	6.505
850	5.64218
850.5	4.36263
851	3.32799
851.5	3.03575
852	3.63347
852.5	4.936
853	6.35878
853.5	7.44187
854	7.88783
854.5	7.71462
855	6.97001
855.5	5.95263
856	4.97693
856.5	4.50117
857	4.72993
857.5	5.73713
858	7.24005
858.5	8.62095
859	9.25662
859.5	8.88364
860	7.74364
860.5	6.30205
861	5.14919
861.5	4.54593
862	4.47741
862.5	4.55468
863	4.4869
863.5	4.1319
864	3.57775
864.5	2.96467
865	2.44393
865.5	2.10351
866	2.07725
866.5	2.37021
867	2.98336
867.5	3.80782
868	4.62147
868.5	5.26166
869	5.72808
869.5	6.17074
870	6.7459
870.5	7.39456
871	7.86598
871.5	7.74217
872	6.99521
872.5	5.83959
873	4.84279
873.5	4.47257
874	4.9555
874.5	5.90522
875	6.75857
875.5	6.97347
876	6.63376
876.5	6.12934
877	6.07628
877.5	6.71359
878	7.9119
878.5	9.05675
879	9.55832
879.5	8.99622
880	7.72525
880.5	6.36843
881	5.73541
881.5	6.04746
882	7.15009
882.5	8.39351
883	9.08993
883.5	8.80206
884	7.76546
884.5	6.58731
885	6.01118
885.5	6.29271
886	7.29414
886.5	8.52117
887	9.40635
887.5	9.65763
888	9.38473
888.5	8.96704
889	8.73607
889.5	8.78422
890	8.99787
890.5	9.19144
891	9.26994
891.5	9.25344
892	9.19347
892.5	9.06182
893	8.68697
893.5	7.92621
894	6.84488
894.5	5.75572
895	5.14068
895.5	5.34524
896	6.50205
896.5	8.06863
897	9.45445
897.5	10.1299
898	10.0901
898.5	9.62298
899	9.29792
899.5	9.42111
900	10.02
900.5	10.6586
901	10.9693
901.5	10.7595
902	10.2685
902.5	9.8247
903	9.68079
903.5	9.78732
904	9.88252
904.5	9.67381
905	9.06625
905.5	8.15798
906	7.26514
906.5	6.59628
907	6.19701
907.5	5.91894
908	5.61862
908.5	5.25167
909	4.90133
909.5	4.7427
910	4.83965
910.5	5.18298
911	5.68901
911.5	6.22707
912	6.73156
912.5	7.174
913	7.5429
913.5	7.78748
914	7.88964
914.5	7.87004
915	7.81285
915.5	7.84845
916	8.05878
916.5	8.4137
917	8.75011
917.5	8.87054
918	8.69362
918.5	8.31318
919	7.94548
919.5	7.80613
920	7.94775
920.5	8.2277
921	8.35536
921.5	8.10309
922	7.481
922.5	6.78514
923	6.4733
923.5	6.86179
924	7.98791
924.5	9.68711
925	11.3682
925.5	12.5241
926	12.7271
926.5	12.062
927	10.7293
927.5	9.24401
928	8.05902
928.5	7.55529
929	7.64925
929.5	8.10708
930	8.58106
930.5	8.81413
931	8.74586
931.5	8.52661
932	8.37265
932.5	8.41931
933	8.61299
933.5	8.82857
934	8.97463
934.5	9.11203
935	9.37326
935.5	9.86174
936	10.4551
936.5	10.8806
937	10.8639
937.5	10.3817
938	9.60811
938.5	8.96506
939	8.75156
939.5	9.12984
940	9.82632
940.5	10.5804
941	11.1937
941.5	11.6955
942	12.2277
942.5	12.872
943	13.5116
943.5	13.7736
944	13.4061
944.5	12.3299
945	10.7961
945.5	9.40914
946	8.75423
946.5	9.12253
947	10.292
947.5	11.8634
948	13.2504
948.5	14.1336
949	14.3679
949.5	14.2574
950	14.0386
950.5	13.8944
951	13.8422
951.5	13.8371
952	13.8596
952.5	13.9657
953	14.2901
953.5	14.8493
954	15.5807
954.5	16.316
955	16.8761
955.5	17.1302
956	17.0547
956.5	16.7339
957	16.2284
957.5	15.6707
958	15.2079
958.5	15.1181
959	15.5463
959.5	16.6059
960	18.1969
960.5	19.9052
961	21.2624
961.5	21.9227
962	21.882
962.5	21.3035
963	20.676
963.5	20.3596
964	20.6002
964.5	21.2248
965	22.0003
965.5	22.6108
966	22.8788
966.5	22.7251
967	22.3334
967.5	21.9576
968	21.918
968.5	22.2995
969	23.0641
969.5	23.9949
970	24.7986
970.5	25.2696
971	25.403
971.5	25.3658
972	25.3629
972.5	25.5379
973	25.9144
973.5	26.4442
974	27.0019
974.5	27.5223
975	27.9984
975.5	28.4832
976	29.0388
976.5	29.6602
977	30.2667
977.5	30.7086
978	30.9679
978.5	31.1917
979	31.7875
979.5	33.0748
980	35.2223
980.5	37.8394
981	40.1988
981.5	41.4963
982	41.6812
982.5	41.2902
983	41.3569
983.5	42.5562
984	44.984
984.5	47.9546
985	50.4941
985.5	51.9801
986	52.6604
986.5	53.2828
987	54.6928
987.5	57.0169
988	59.9873
988.5	63.0891
989	65.8767
989.5	68.0891
990	69.5756
990.5	70.2906
991	70.0373
991.5	69.0534
992	67.7789
992.5	66.8699
993	66.6877
993.5	67.2732
994	68.2621
994.5	69.1063
995	69.4204
995.5	69.1262
996	68.3357
996.5	67.0157
997	65.2176
997.5	62.9901
998	60.5193
998.5	58.1904
999	56.3306
999.5	55.0587
1000	54.1609
1000.5	53.3686
1001	52.42
1001.5	51.2215
1002	49.7149
1002.5	47.982
1003	46.068
1003.5	44.1209
1004	42.407
1004.5	41.29
1005	40.9622
1005.5	41.2636
1006	41.8319
1006.5	42.1042
1007	41.7689
1007.5	40.7477
1008	39.4464
1008.5	38.2012
1009	37.2343
1009.5	36.493
1010	35.8676
1010.5	35.318
1011	34.9915
1011.5	35.2771
1012	36.2548
1012.5	37.785
1013	39.3284
1013.5	40.2297
1014	39.9682
1014.5	38.5948
1015	36.73
1015.5	35.2004
1016	34.6084
1016.5	35.0383
1017	36.2757
1017.5	37.6304
1018	38.6507
1018.5	39.109
1019	39.1832
1019.5	39.1316
1020	39.2244
1020.5	39.5284
1021	39.9291
1021.5	40.165
1022	40.0439
1022.5	39.5088
1023	38.8391
1023.5	38.3949
1024	38.5203
1024.5	39.2611
1025	40.5189
1025.5	41.9495
1026	43.3023
1026.5	44.3729
1027	45.1371
1027.5	45.5228
1028	45.43
1028.5	44.8955
1029	43.9456
1029.5	42.774
1030	41.591
1030.5	40.5833
1031	39.8282
1031.5	39.3815
1032	39.3299
1032.5	39.5642
1033	39.8597
1033.5	39.7681
1034	38.9534
1034.5	37.1911
1035	34.8641
1035.5	32.5589
1036	30.9768
1036.5	30.2303
1037	30.1449
1037.5	30.2615
1038	30.1591
1038.5	29.6842
1039	28.9592
1039.5	28.1658
1040	27.3598
1040.5	26.4813
1041	25.4681
1041.5	24.3458
1042	23.2565
1042.5	22.3125
1043	21.5417
1043.5	20.8667
1044	20.2358
1044.5	19.6502
1045	19.1591
1045.5	18.8381
1046	18.6494
1046.5	18.5324
1047	18.4082
1047.5	18.2306
1048	17.9778
1048.5	17.6489
1049	17.2693
1049.5	16.8964
1050	16.6203
1050.5	16.5
1051	16.5153
1051.5	16.4654
1052	16.1058
1052.5	15.2648
1053	14.1172
1053.5	13.0763
1054	12.6904
1054.5	13.2456
1055	14.8337
1055.5	16.7902
1056	18.4013
1056.5	18.9708
1057	18.5587
1057.5	17.4628
1058	16.2829
1058.5	15.4291
1059	15.0016
1059.5	14.6982
1060	14.2173
1060.5	13.373
1061	12.3671
1061.5	11.448
1062	10.8119
1062.5	10.3955
1063	10.0759
1063.5	9.80791
1064	9.74049
1064.5	10.2078
1065	11.2365
1065.5	12.5948
1066	13.7156
1066.5	14.1094
1067	13.5103
1067.5	12.1572
1068	10.6781
1068.5	9.68939
1069	9.43373
1069.5	9.7404
1070	10.207
1070.5	10.3756
1071	10.0949
1071.5	9.49509
1072	8.93137
1072.5	8.70029
1073	8.89508
1073.5	9.37662
1074	9.94805
1074.5	10.4133
1075	10.7027
1075.5	10.8069
1076	10.8105
1076.5	10.7708
1077	10.7968
1077.5	11.031
1078	11.6742
1078.5	12.7428
1079	14.0432
1079.5	15.1654
1080	15.7525
1080.5	15.6712
1081	15.1354
1081.5	14.7132
1082	14.8972
1082.5	15.8154
1083	17.1131
1083.5	18.2168
1084	18.6927
1084.5	18.505
1085	17.8645
1085.5	17.2512
1086	16.951
1086.5	17.0494
1087	17.3568
1087.5	17.6497
1088	17.745
1088.5	17.6227
1089	17.3815
1089.5	17.2386
1090	17.3525
1090.5	17.7462
1091	18.2005
1091.5	18.4743
1092	18.4127
1092.5	18.0907
1093	17.6723
1093.5	17.3321
1094	17.0976
1094.5	16.9097
1095	16.7287
1095.5	16.6438
1096	16.804
1096.5	17.1486
1097	17.3826
1097.5	17.1631
1098	16.4836
1098.5	15.7802
1099	15.7767
1099.5	16.9352
1100	19.2603
1100.5	21.83
1101	23.7682
1101.5	24.5828
1102	24.6355
1102.5	24.5892
1103	24.9809
1103.5	25.7504
1104	26.4466
1104.5	26.6831
1105	26.4026
1105.5	25.8392
1106	25.281
1106.5	24.7447
1107	24.0679
1107.5	23.1878
1108	22.2848
1108.5	21.7082
1109	21.5974
1109.5	21.7727
1110	21.7618
1110.5	21.2424
1111	20.2151
1111.5	19.0056
1112	17.8418
1112.5	16.6715
1113	15.2369
1113.5	13.2384
1114	10.925
1114.5	8.8531
1115	7.79562
1115.5	7.91883
1116	9.11332
1116.5	10.7353
1117	12.1073
1117.5	12.7164
1118	12.6077
1118.5	12.077
1119	11.5476
1119.5	11.3388
1120	11.5342
1120.5	11.902
1121	12.0711
1121.5	11.7263
1122	10.8818
1122.5	9.83938
1123	9.08542
1123.5	8.9237
1124	9.38354
1124.5	10.1818
1125	10.8065
1125.5	10.8915
1126	10.4303
1126.5	9.78158
1127	9.3191
1127.5	9.20488
1128	9.34323
1128.5	9.50884
1129	9.53239
1129.5	9.42166
1130	9.28663
1130.5	9.14872
1131	8.77264
1131.5	7.79537
1132	6.11792
1132.5	3.93189
1133	1.98015
1133.5	0.986
1134	1.62581
1134.5	3.54431
1135	6.20527
1135.5	8.74459
1136	10.5834
1136.5	11.4182
1137	11.5707
1137.5	11.4406
1138	11.2679
1138.5	11.1063
1139	10.8964
1139.5	10.6483
1140	10.5399
1140.5	10.8676
1141	11.7604
1141.5	12.9844
1142	13.9555
1142.5	14.1396
1143	13.4036
1143.5	12.0397
1144	10.8327
1144.5	10.3492
1145	10.7271
1145.5	11.5261
1146	12.2949
1146.5	12.8357
1147	13.3223
1147.5	14.0541
1148	14.9417
1148.5	15.6045
1149	15.5444
1149.5	14.8292
1150	13.907
1150.5	13.5261
1151	14.0548
1151.5	15.48
1152	17.1101
1152.5	18.3353
1153	18.7641
1153.5	18.6646
1154	18.331
1154.5	18.098
1155	18.1636
1155.5	18.715
1156	19.8022
1156.5	21.329
1157	23.0679
1157.5	24.5662
1158	25.4783
1158.5	25.5604
1159	25.003
1159.5	23.9325
1160	22.542
1160.5	21.0321
1161	19.6183
1161.5	18.5244
1162	17.8563
1162.5	17.5658
1163	17.2284
1163.5	16.5204
1164	15.3266
1164.5	13.9469
1165	12.7846
1165.5	12.098
1166	11.7878
1166.5	11.5425
1167	11.0264
1167.5	10.1719
1168	9.17072
1168.5	8.3069
1169	7.72462
1169.5	7.39545
1170	7.19387
1170.5	7.0963
1171	7.1418
1171.5	7.35383
1172	7.63304
1172.5	7.70585
1173	7.34574
1173.5	6.49921
1174	5.48086
1174.5	4.68579
1175	4.41095
1175.5	4.61984
1176	5.1092
1176.5	5.55493
1177	5.86814
1177.5	6.2205
1178	6.82259
1178.5	7.72436
1179	8.68639
1179.5	9.35656
1180	9.47243
1180.5	9.2284
1181	9.1113
1181.5	9.91648
1182	11.828
1182.5	14.6428
1183	17.6292
1183.5	19.8295
1184	20.3703
1184.5	18.9971
1185	16.275
1185.5	13.0013
1186	10.2264
1186.5	8.46719
1187	7.82116
1187.5	7.65177
1188	7.49978
1188.5	7.05269
1189	6.32475
1189.5	5.40465
1190	4.41797
1190.5	3.46624
1191	2.7845
1191.5	2.5986
1192	3.08157
1192.5	4.19738
1193	5.44378
1193.5	6.3003
1194	6.4308
1194.5	5.97786
1195	5.25511
1195.5	4.62548
1196	4.12651
1196.5	3.57684
1197	2.8537
1197.5	2.04967
1198	1.49134
1198.5	1.42552
1199	1.97209
1199.5	2.90307
1200	3.86993
1200.5	4.57025
1201	4.9208
1201.5	4.90754
1202	4.49584
1202.5	3.78304
1203	2.8392
1203.5	1.85703
1204	1.09912
1204.5	0.878477
1205	1.29816
1205.5	2.29757
1206	3.73185
1206.5	5.16258
1207	6.20222
1207.5	6.48305
1208	6.05149
1208.5	5.06623
1209	3.97478
1209.5	3.1022
1210	2.63039
1210.5	2.42812
1211	2.30624
1211.5	2.07449
1212	1.69154
1212.5	1.2214
1213	0.841862
1213.5	0.706322
1214	0.967072
1214.5	1.60656
1215	2.50156
1215.5	3.49799
1216	4.43844
1216.5	5.28729
1217	6.08204
1217.5	6.82847
1218	7.34023
1218.5	7.30995
1219	6.5949
1219.5	5.22162
1220	3.74694
1220.5	2.7503
1221	2.79352
1221.5	3.53624
1222	4.40416
1222.5	4.75276
1223	4.45154
1223.5	3.75463
1224	3.23011
1224.5	3.18619
1225	3.57154
1225.5	3.82255
1226	3.49291
1226.5	2.38479
1227	0.893194
1227.5	-0.500961
1228	-1.3055
1228.5	-1.35808
1229	-0.597946
1229.5	0.613255
1230	1.84031
1230.5	2.60288
1231	2.7615
1231.5	2.35437
1232	1.69914
1232.5	1.21692
1233	1.19348
1233.5	1.60998
1234	2.22076
1234.5	2.83052
1235	3.36185
1235.5	3.82778
1236	4.23069
1236.5	4.55529
1237	4.78203
1237.5	4.95551
1238	5.12465
1238.5	5.18858
1239	4.92808
1239.5	4.19238
1240	3.00198
1240.5	1.86854
1241	1.32239
1241.5	1.73602
1242	2.63506
1242.5	3.36798
1243	3.38245
1243.5	2.70754
1244	1.76366
1244.5	1.17769
1245	1.22986
1245.5	1.86046
1246	2.56912
1246.5	3.09876
1247	3.41021
1247.5	3.63847
1248	3.85331
1248.5	4.01597
1249	4.06045
1249.5	4.01695
1250	4.08013
1250.5	4.41466
1251	5.05492
1251.5	5.75476
1252	6.19203
1252.5	6.12977
1253	5.62741
1253.5	4.97794
1254	4.58312
1254.5	4.63435
1255	5.12306
1255.5	5.66258
1256	5.90744
1256.5	5.65949
1257	5.12318
1257.5	4.66248
1258	4.54773
1258.5	4.73888
1259	4.9588
1259.5	4.87968
1260	4.40001
1260.5	3.71955
1261	3.27662
1261.5	3.37741
1262	4.0151
1262.5	4.88184
1263	5.62825
1263.5	6.0251
1264	6.03469
1264.5	5.63577
1265	5.00938
1265.5	4.24009
1266	3.48927
1266.5	2.95527
1267	2.83749
1267.5	3.10237
1268	3.46812
1268.5	3.49172
1269	3.01737
1269.5	2.20035
1270	1.50679
1270.5	1.34395
1271	1.86556
1271.5	2.80381
1272	3.69415
1272.5	4.29313
1273	4.74462
1273.5	5.27864
1274	5.94182
1274.5	6.38192
1275	6.10364
1275.5	4.71754
1276	2.73142
1276.5	0.893473
1277	-0.0460396
1277.5	0.0678692
1278	1.00555
1278.5	1.9907
1279	2.46073
1279.5	2.18892
1280	1.5786
1280.5	1.02519
1281	0.883787
1281.5	1.22023
1282	2.02798
1282.5	3.11839
1283	4.28929
1283.5	5.31762
1284	6.04806
1284.5	6.35345
1285	6.14641
1285.5	5.56784
1286	4.74072
1286.5	3.88
1287	3.15687
1287.5	2.72888
1288	2.62613
1288.5	2.82953
1289	3.30593
1289.5	3.89292
1290	4.4874
1290.5	5.04487
1291	5.60663
1291.5	6.22798
1292	6.8621
1292.5	7.32676
1293	7.21103
1293.5	6.35884
1294	4.89564
1294.5	3.27929
1295	2.13676
1295.5	1.9422
1296	2.68477
1296.5	3.80951
1297	4.59329
1297.5	4.64538
1298	4.04744
1298.5	3.16027
1299	2.49331
1299.5	2.28252
1300	2.49787
1300.5	2.84468
1301	3.12895
1301.5	3.28379
1302	3.30539
1302.5	3.0802
1303	2.50059
1303.5	1.49304
1304	0.26391
1304.5	-0.684719
1305	-0.830976
1305.5	0.0862904
1306	1.74597
1306.5	3.62466
1307	5.0829
1307.5	5.92026
1308	6.20536
1308.5	6.34751
1309	6.53472
1309.5	6.7406
1310	6.78026
1310.5	6.46915
1311	5.83697
1311.5	5.04465
1312	4.27204
1312.5	3.6888
1313	3.42756
1313.5	3.66035
1314	4.23964
1314.5	4.89635
1315	5.22437
1315.5	5.02256
1316	4.31204
1316.5	3.5216
1317	3.082
1317.5	3.22763
1318	3.66044
1318.5	4.07861
1319	4.29147
1319.5	4.41139
1320	4.62463
1320.5	4.94379
1321	5.12097
1321.5	4.8049
1322	3.98879
1322.5	2.94727
1323	2.19325
1323.5	2.04139
1324	2.49915
1324.5	3.28987
1325	4.09011
1325.5	4.75345
1326	5.28046
1326.5	5.66687
1327	5.69719
1327.5	5.21186
1328	4.13883
1328.5	2.67176
1329	1.36674
1329.5	0.815758
1330	1.40122
1330.5	2.82477
1331	4.62208
1331.5	6.1773
1332	7.1613
1332.5	7.38199
1333	7.13181
1333.5	6.64829
1334	6.17278
1334.5	5.84826
1335	5.77383
1335.5	5.94079
1336	6.25742
1336.5	6.62629
1337	7.00295
1337.5	7.44554
1338	8.02416
1338.5	8.61597
1339	8.89041
1339.5	8.37097
1340	6.99313
1340.5	4.92388
1341	2.76372
1341.5	1.02601
1342	0.205271
1342.5	0.251766
1343	1.08731
1343.5	2.53082
1344	4.18975
1344.5	5.58773
1345	6.19823
1345.5	5.81906
1346	4.58446
1346.5	3.28466
1347	2.49104
1347.5	2.5276
1348	3.00731
1348.5	3.50761
1349	3.72466
1349.5	3.79354
1350	3.96775
1350.5	4.36021
1351	4.84779
1351.5	5.17501
1352	5.24993
1352.5	5.20128
1353	5.28514
1353.5	5.64013
1354	6.27242
1354.5	6.99759
1355	7.5678
1355.5	7.73379
1356	7.46858
1356.5	6.87576
1357	6.19378
1357.5	5.72977
1358	5.67087
1358.5	5.88638
1359	6.02668
1359.5	5.75414
1360	4.99958
1360.5	3.96855
1361	3.02155
1361.5	2.42281
1362	2.24829
1362.5	2.50163
1363	3.04639
1363.5	3.84775
1364	4.82031
1364.5	5.79715
1365	6.58084
1365.5	7.06524
1366	7.2506
1366.5	7.1647
1367	6.95177
1367.5	6.6859
1368	6.44004
1368.5	6.28934
1369	6.323
1369.5	6.53247
1370	6.76427
1370.5	6.71057
1371	6.19628
1371.5	5.2312
1372	4.10539
1372.5	3.35444
1373	3.50966
1373.5	4.62858
1374	6.1937
1374.5	7.46222
1375	7.81195
1375.5	7.14104
1376	5.83121
1376.5	4.81633
1377	4.61148
1377.5	5.27483
1378	6.21147
1378.5	6.8096
1379	6.77451
1379.5	6.36491
1380	5.95519
1380.5	5.78501
1381	5.80705
1381.5	5.79862
1382	5.63289
1382.5	5.4
1383	5.3215
1383.5	5.51936
1384	5.99468
1384.5	6.52588
1385	6.86806
1385.5	6.767
1386	6.24429
1386.5	5.41352
1387	4.58163
1387.5	4.11062
1388	4.20307
1388.5	4.70084
1389	5.19395
1389.5	5.21746
1390	4.65084
1390.5	3.73796
1391	2.96376
1391.5	2.6293
1392	2.7938
1392.5	3.24858
1393	3.65522
1393.5	3.79206
1394	3.65517
1394.5	3.37808
1395	3.1874
1395.5	3.32853
1396	3.99886
1396.5	5.23309
1397	6.70067
1397.5	8.00492
1398	8.74023
1398.5	8.79199
1399	8.27908
1399.5	7.64546
1400	7.20071
1400.5	7.1392
1401	7.28965
1401.5	7.39568
1402	7.18352
1402.5	6.62954
1403	5.83621
1403.5	5.06513
1404	4.52863
1404.5	4.34042
1405	4.34518
1405.5	4.3965
1406	4.37567
1406.5	4.26752
1407	4.08703
1407.5	3.85978
1408	3.61082
1408.5	3.41245
1409	3.40353
1409.5	3.74487
1410	4.61995
1410.5	5.82319
1411	7.07024
1411.5	7.87438
1412	7.905
1412.5	6.92319
1413	5.36922
1413.5	3.94803
1414	3.49627
1414.5	4.23116
1415	5.85625
1415.5	7.46776
1416	8.26525
1416.5	7.9334
1417	6.78184
1417.5	5.53113
1418	4.74412
1418.5	4.45007
1419	4.39036
1419.5	4.29963
1420	4.0943
1420.5	3.86694
1421	3.77286
1421.5	3.83598
1422	3.99163
1422.5	4.06855
1423	3.88292
1423.5	3.27449
1424	2.41375
1424.5	1.63615
1425	1.5169
1425.5	2.28246
1426	3.89185
1426.5	5.74812
1427	7.17429
1427.5	7.64335
1428	7.14885
1428.5	6.04408
1429	4.81303
1429.5	3.86412
1430	3.37638
1430.5	3.3721
1431	3.53361
1431.5	3.46567
1432	2.85385
1432.5	1.75694
1433	0.518648
1433.5	-0.24649
1434	-0.157816
1434.5	0.843102
1435	2.12415
1435.5	3.13108
1436	3.42288
1436.5	3.12349
1437	2.60397
1437.5	2.26931
1438	2.26034
1438.5	2.54597
1439	2.92058
1439.5	3.3211
1440	3.85493
1440.5	4.60724
1441	5.55196
1441.5	6.41983
1442	6.91496
1442.5	6.83307
1443	6.30354
1443.5	5.5387
1444	4.65087
1444.5	3.66056
1445	2.56839
1445.5	1.58438
1446	1.06342
1446.5	1.42981
1447	2.55511
1447.5	3.78918
1448	4.30568
1448.5	3.79135
1449	2.51326
1449.5	1.39802
1450	1.22173
1450.5	2.21867
1451	3.87327
1451.5	5.23525
1452	5.54777
1452.5	4.96878
1453	4.09939
1453.5	3.62084
1454	3.69336
1454.5	4.00534
1455	4.01456
1455.5	3.5811
1456	2.91863
1456.5	2.50089
1457	2.56117
1457.5	2.99038
1458	3.4176
1458.5	3.62298
1459	3.52427
1459.5	3.23417
1460	2.74589
1460.5	1.97168
1461	0.965591
1461.5	-0.0393467
1462	-0.622921
1462.5	-0.568932
1463	0.276661
1463.5	1.6333
1464	3.2538
1464.5	4.76726
1465	5.8206
1465.5	6.07581
1466	5.52155
1466.5	4.66453
1467	4.3402
1467.5	4.97787
1468	6.33039
1468.5	7.52287
1469	7.62604
1469.5	6.36451
1470	4.399
1470.5	2.76476
1471	2.17239
1471.5	2.55151
1472	3.24217
1472.5	3.62825
1473	3.61673
1473.5	3.46071
1474	3.61189
1474.5	4.19888
1475	5.05036
1475.5	5.72511
1476	5.84435
1476.5	5.09874
1477	3.83943
1477.5	2.54689
1478	1.71236
1478.5	1.35936
1479	1.26439
1479.5	1.09897
1480	0.84709
1480.5	0.769703
1481	1.13056
1481.5	1.83825
1482	2.49806
1482.5	2.79997
1483	2.76091
1483.5	2.65135
1484	2.69405
1484.5	2.75187
1485	2.50343
1485.5	1.87231
1486	1.11945
1486.5	0.755011
1487	0.957491
1487.5	1.60047
1488	2.18817
1488.5	2.3774
1489	2.12123
1489.5	1.6691
1490	1.20602
1490.5	0.883379
1491	0.791204
1491.5	1.00626
1492	1.41011
1492.5	1.79099
1493	1.86035
1493.5	1.64368
1494	1.39261
1494.5	1.39366
1495	1.63415
1495.5	1.82805
1496	1.70353
1496.5	1.40294
1497	1.47058
1497.5	2.32818
1498	3.98154
1498.5	5.75014
1499	6.84942
1499.5	6.81425
1500	5.81044
1500.5	4.51207
1501	3.48778
1501.5	2.85396
1502	2.42121
1502.5	1.90941
1503	1.27799
1503.5	0.733583
1504	0.586231
1504.5	0.88896
1505	1.46002
1505.5	1.85056
1506	1.84457
1506.5	1.53792
1507	1.46833
1507.5	2.07927
1508	3.42526
1508.5	4.89881
1509	5.86835
1509.5	5.97957
1510	5.65126
1510.5	5.43839
1511	5.35184
1511.5	5.28797
1512	4.66014
1512.5	3.58861
1513	2.47549
1513.5	1.84787
1514	1.82915
1514.5	2.22298
1515	2.71439
1515.5	3.28759
1516	4.04875
1516.5	4.88271
1517	5.3629
1517.5	5.08956
1518	4.1948
1518.5	3.36433
1519	3.32404
1519.5	4.29584
1520	5.55843
1520.5	6.31533
1521	6.34863
1521.5	5.99509
1522	5.90783
1522.5	6.30713
1523	6.82426
1523.5	6.91107
1524	6.27119
1524.5	5.37135
1525	4.87763
1525.5	5.11881
1526	5.90165
1526.5	6.4738
1527	6.3993
1527.5	5.72205
1528	4.75786
1528.5	3.7947
1529	2.73158
1529.5	1.39861
1530	-0.131733
1530.5	-1.29629
1531	-1.30899
1531.5	0.00824356
1532	2.32617
1532.5	4.87051
1533	6.5985
1533.5	7.18991
1534	6.77527
1534.5	5.77074
1535	4.79403
1535.5	4.33564
1536	4.52095
1536.5	5.22809
1537	6.08628
1537.5	6.54257
1538	6.35955
1538.5	5.61468
1539	4.65493
1539.5	4.00049
1540	3.93702
1540.5	4.35642
1541	4.91742
1541.5	5.14244
1542	4.6908
1542.5	3.65566
1543	2.42612
1543.5	1.57678
1544	1.50786
1544.5	2.24826
1545	3.32974
1545.5	4.15601
1546	4.38244
1546.5	4.0204
1547	3.4244
1547.5	2.96405
1548	2.73613
1548.5	2.65919
1549	2.6559
1549.5	2.81392
1550	3.27674
1550.5	3.99945
1551	4.6845
1551.5	4.77767
1552	4.07513
1552.5	2.93136
1553	1.97447
1553.5	1.90315
1554	2.87741
1554.5	4.1909
1555	5.11627
1555.5	5.17999
1556	4.48262
1556.5	3.94872
1557	4.21814
1557.5	5.4461
1558	7.19703
1558.5	8.46304
1559	8.66736
1559.5	7.80262
1560	6.32491
1560.5	5.01252
1561	4.38308
1561.5	4.39963
1562	4.71902
1562.5	4.89123
1563	4.72475
1563.5	4.41598
1564	4.36315
1564.5	4.85103
1565	5.74492
1565.5	6.60106
1566	6.90633
1566.5	6.45484
1567	5.59463
1567.5	4.82486
1568	4.63258
1568.5	5.1539
1569	6.08978
1569.5	7.11666
1570	7.99498
1570.5	8.58253
1571	8.88855
1571.5	8.91509
1572	8.64067
1572.5	8.03096
1573	7.0651
1573.5	5.8459
1574	4.53837
1574.5	3.4403
1575	3.02663
1575.5	3.5712
1576	4.84782
1576.5	6.29656
1577	7.11423
1577.5	6.83457
1578	5.61092
1578.5	4.12107
1579	3.03235
1579.5	2.63897
1580	2.84607
1580.5	3.42211
1581	4.29045
1581.5	5.57319
1582	7.32661
1582.5	9.39009
1583	11.2729
1583.5	12.4197
1584	12.6012
1584.5	11.8406
1585	10.373
1585.5	8.65909
1586	7.11253
1586.5	5.9286
1587	5.12882
1587.5	4.57959
1588	4.0886
1588.5	3.69551
1589	3.59888
1589.5	4.0232
1590	4.87349
1590.5	5.67216
1591	5.95966
1591.5	5.57353
1592	4.84097
1592.5	4.29692
1593	4.22991
1593.5	4.47551
1594	4.68654
1594.5	4.73387
1595	4.79596
1595.5	5.16026
1596	5.77333
1596.5	6.21842
1597	6.15125
1597.5	5.55202
1598	4.92882
1598.5	4.77663
1599	5.0425
1599.5	5.27812
1600	4.88591
1600.5	3.81295
1601	2.6959
1601.5	2.13584
1602	2.37716
1602.5	3.01341
1603	3.35126
1603.5	3.13625
1604	2.63278
1604.5	2.40564
1605	2.78515
1605.5	3.71014
1606	4.81794
1606.5	5.84581
1607	6.75654
1607.5	7.53285
1608	7.97476
1608.5	7.68831
1609	6.65655
1609.5	5.28715
1610	4.25904
1610.5	4.27417
1611	5.19902
1611.5	6.20297
1612	6.53022
1612.5	5.82626
1613	4.5091
1613.5	3.4382
1614	3.06635
1614.5	3.30735
1615	3.67747
1615.5	3.75615
1616	3.49227
1616.5	3.15505
1617	3.01635
1617.5	3.10999
1618	3.32809
1618.5	3.52818
1619	3.62099
1619.5	3.60384
1620	3.50761
1620.5	3.41902
1621	3.54084
1621.5	4.12347
1622	5.18643
1622.5	6.53915
1623	7.79803
1623.5	8.51198
1624	8.46984
1624.5	7.82264
1625	6.88798
1625.5	6.07616
1626	5.67861
1626.5	5.80255
1627	6.26466
1627.5	6.68097
1628	6.73699
1628.5	6.37337
1629	5.8112
1629.5	5.53427
1630	5.76959
1630.5	6.3177
1631	6.70329
1631.5	6.34844
1632	5.00287
1632.5	3.17949
1633	1.62674
1633.5	1.07631
1634	1.84303
1634.5	3.4955
1635	5.1526
1635.5	5.94377
1636	5.44343
1636.5	4.05911
1637	2.55413
1637.5	1.82763
1638	2.37886
1638.5	3.77534
1639	5.31848
1639.5	6.31743
1640	6.35813
1640.5	5.82185
1641	5.3877
1641.5	5.4845
1642	6.11448
1642.5	6.75103
1643	6.78949
1643.5	6.12066
1644	5.10796
1644.5	4.3043
1645	3.93498
1645.5	3.83799
1646	3.66292
1646.5	3.3431
1647	3.22846
1647.5	3.67515
1648	4.76484
1648.5	6.1023
1649	6.96482
1649.5	7.01926
1650	6.32198
1650.5	5.24729
1651	4.34355
1651.5	4.01335
1652	4.33973
1652.5	5.12921
1653	5.91099
1653.5	6.24686
1654	5.95211
1654.5	5.25427
1655	4.69351
1655.5	4.4714
1656	4.38337
1656.5	4.00575
1657	3.05283
1657.5	1.98519
1658	1.46196
1658.5	1.8676
1659	3.08054
1659.5	4.4152
1660	5.31493
1660.5	5.70945
1661	5.88172
1661.5	6.10652
1662	6.39032
1662.5	6.59306
1663	6.61398
1663.5	6.58737
1664	6.6432
1664.5	6.75806
1665	6.76858
1665.5	6.50745
1666	6.07153
1666.5	5.72274
1667	5.66639
1667.5	5.94254
1668	6.37791
1668.5	6.81817
1669	7.17303
1669.5	7.34094
1670	7.11611
1670.5	6.27709
1671	4.7839
1671.5	2.99401
1672	1.7312
1672.5	1.46442
1673	2.11134
1673.5	3.10195
1674	3.71006
1674.5	3.71205
1675	3.43205
1675.5	3.31426
1676	3.48908
1676.5	3.7657
1677	4.02526
1677.5	4.39384
1678	5.10979
1678.5	5.92039
1679	6.29433
1679.5	5.82828
1680	4.66099
1680.5	3.67253
1681	3.47085
1681.5	3.79507
1682	3.79808
1682.5	2.90306
1683	1.50817
1683.5	0.644766
1684	1.20243
1684.5	2.78099
1685	4.28607
1685.5	4.93974
1686	4.65504
1686.5	4.06713
1687	3.79568
1687.5	3.85186
1688	4.02546
1688.5	4.27843
1689	4.84112
1689.5	5.87739
1690	7.18792
1690.5	8.21258
1691	8.64135
1691.5	8.56969
1692	8.26201
1692.5	7.88741
1693	7.34526
1693.5	6.57231
1694	5.73501
1694.5	5.15265
1695	5.01116
1695.5	5.10627
1696	5.0627
1696.5	4.68941
1697	4.25595
1697.5	4.25149
1698	4.97349
1698.5	6.35365
1699	7.86524
1699.5	8.76142
1700	8.6924
1700.5	7.70879
1701	6.2273
1701.5	4.88761
1702	4.10416
1702.5	3.99242
1703	4.35572
1703.5	4.94352
1704	5.59059
1704.5	6.15082
1705	6.38638
1705.5	5.94597
1706	4.83998
1706.5	3.45209
1707	2.41129
1707.5	2.33741
1708	3.21694
1708.5	4.57219
1709	5.66028
1709.5	5.90926
1710	5.36037
1710.5	4.33197
1711	3.22359
1711.5	2.37393
1712	1.91641
1712.5	1.78749
1713	1.94212
1713.5	2.42364
1714	3.29395
1714.5	4.44734
1715	5.5111
1715.5	5.83842
1716	5.02707
1716.5	3.43858
1717	1.87435
1717.5	1.21584
1718	1.93355
1718.5	3.45122
1719	4.85576
1719.5	5.57676
1720	5.56171
1720.5	5.21704
1721	4.81668
1721.5	4.42996
1722	4.07342
1722.5	3.93735
1723	4.20841
1723.5	4.84231
1724	5.49612
1724.5	5.74906
1725	5.59699
1725.5	5.46731
1726	5.81466
1726.5	6.61838
1727	7.30164
1727.5	7.25456
1728	6.18973
1728.5	4.42524
1729	2.91848
1729.5	2.3845
1730	3.12699
1730.5	4.93317
1731	6.92165
1731.5	8.18006
1732	8.04341
1732.5	6.57907
1733	4.66565
1733.5	3.1896
1734	2.63103
1734.5	2.92915
1735	3.51641
1735.5	3.89935
1736	4.05213
1736.5	4.2743
1737	4.9166
1737.5	5.98557
1738	7.18861
1738.5	8.0552
1739	8.04302
1739.5	7.20226
1740	5.85009
1740.5	4.46173
1741	3.51787
1741.5	3.21247
1742	3.49896
1742.5	4.21625
1743	5.11824
1743.5	5.92471
1744	6.41048
1744.5	6.48679
1745	6.26686
1745.5	6.03197
1746	5.87316
1746.5	5.529
1747	4.63463
1747.5	3.13647
1748	1.56679
1748.5	0.531414
1749	0.290493
1749.5	0.437523
1750	0.228493
1750.5	-0.424889
1751	-1.03007
1751.5	-0.852739
1752	0.237524
1752.5	1.70757
1753	2.83901
1753.5	3.32666
1754	3.5647
1754.5	3.97714
1755	4.65183
1755.5	5.36786
1756	5.8664
1756.5	6.16423
1757	6.37
1757.5	6.41328
1758	5.99306
1758.5	5.02129
1759	3.76431
1759.5	2.74486
1760	2.47998
1760.5	2.88017
1761	3.49563
1761.5	3.99496
1762	4.35591
1762.5	4.7766
1763	5.26307
1763.5	5.50829
1764	4.98896
1764.5	3.62689
1765	2.04749
1765.5	1.06323
1766	1.28014
1766.5	2.59316
1767	4.18043
1767.5	5.20352
1768	5.15781
1768.5	4.29182
1769	3.29747
1769.5	2.7093
1770	2.79463
1770.5	3.52317
1771	4.50607
1771.5	5.32175
1772	5.62998
1772.5	5.31776
1773	4.60592
1773.5	3.80454
1774	3.13931
1774.5	2.68447
1775	2.38101
1775.5	2.22249
1776	2.30066
1776.5	2.69483
1777	3.28973
1777.5	3.76441
1778	3.81435
1778.5	3.30485
1779	2.40984
1779.5	1.64716
1780	1.46486
1780.5	2.06495
1781	3.30455
1781.5	4.60383
1782	5.41781
1782.5	5.46252
1783	4.88115
1783.5	4.30694
1784	4.19048
1784.5	4.53348
1785	4.92024
1785.5	4.77328
1786	3.88931
1786.5	2.50151
1787	1.1971
1787.5	0.669313
1788	0.987263
1788.5	1.75556
1789	2.31791
1789.5	2.08558
1790	1.19447
1790.5	0.276171
1791	0.105955
1791.5	1.13699
1792	2.7215
1792.5	4
1793	4.38222
1793.5	3.84603
1794	3.05288
1794.5	2.67746
1795	3.03027
1795.5	3.93689
1796	4.73436
1796.5	4.91269
1797	4.34962
1797.5	3.38129
1798	2.73617
1798.5	2.88342
1799	3.65692
1799.5	4.26531
1800	3.78835
1800.5	2.50962
1801	1.52964
1801.5	2.0221
1802	4.34659
1802.5	7.12416
1803	8.5646
1803.5	7.59554
1804	4.76439
1804.5	2.18805
1805	1.26352
1805.5	2.07688
1806	3.56781
1806.5	4.31856
1807	3.94182
1807.5	3.05639
1808	2.77466
1808.5	3.73231
1809	5.35566
1809.5	6.71486
1810	7.08623
1810.5	6.37661
1811	5.36733
1811.5	4.78371
1812	4.91276
1812.5	5.3851
1813	5.53687
1813.5	5.21419
1814	4.73612
1814.5	4.62806
1815	5.08062
1815.5	5.77512
1816	6.27741
1816.5	6.37358
1817	6.29005
1817.5	6.28215
1818	6.31933
1818.5	6.2205
1819	5.9581
1819.5	5.82501
1820	6.07061
1820.5	6.59523
1821	6.81517
1821.5	6.31334
1822	5.33591
1822.5	4.49428
1823	4.29294
1823.5	4.52373
1824	4.62547
1824.5	4.25769
1825	3.62161
1825.5	3.37093
1826	3.81303
1826.5	4.726
1827	5.65468
1827.5	6.23396
1828	6.38357
1828.5	6.09843
1829	5.40047
1829.5	4.48612
1830	3.8692
1830.5	4.0289
1831	4.97401
1831.5	6.11261
1832	6.63722
1832.5	6.24425
1833	5.19847
1833.5	4.13777
1834	3.56382
1834.5	3.51233
1835	3.7839
1835.5	4.17013
1836	4.58931
1836.5	5.01607
1837	5.4329
1837.5	5.85131
1838	6.31334
1838.5	6.77753
1839	7.05291
1839.5	6.83349
1840	5.87406
1840.5	4.36185
1841	2.65028
1841.5	1.17697
1842	0.423422
1842.5	0.62376
1843	1.73196
1843.5	3.3496
1844	4.71614
1844.5	5.09304
1845	4.50833
1845.5	3.58407
1846	3.15801
1846.5	3.60602
1847	4.52581
1847.5	5.30679
1848	5.60651
1848.5	5.67656
1849	5.97378
1849.5	6.4882
1850	6.65046
1850.5	5.777
1851	4.06826
1851.5	2.37064
1852	1.67534
1852.5	2.54006
1853	4.34377
1853.5	6.07835
1854	6.96444
1854.5	6.812
1855	6.19871
1855.5	5.57705
1856	5.00413
1856.5	4.2583
1857	3.22862
1857.5	2.23374
1858	1.78899
1858.5	2.25572
1859	3.4225
1859.5	4.50065
1860	4.86996
1860.5	4.43711
1861	3.58877
1861.5	2.766
1862	1.98726
1862.5	1.03411
1863	-0.192558
1863.5	-1.28669
1864	-1.68161
1864.5	-1.08414
1865	0.275555
1865.5	1.71922
1866	2.89458
1866.5	3.78341
1867	4.45835
1867.5	4.84285
1868	4.83531
1868.5	4.56574
1869	4.46692
1869.5	5.01359
1870	6.06776
1870.5	7.01833
1871	7.28217
1871.5	6.73075
1872	5.86402
1872.5	5.0778
1873	4.46004
1873.5	3.84487
1874	3.16978
1874.5	2.64599
1875	2.53435
1875.5	2.8889
1876	3.38548
1876.5	3.73805
1877	3.92584
1877.5	4.12459
1878	4.4991
1878.5	5.00989
1879	5.52488
1879.5	5.92898
1880	6.16418
1880.5	6.21139
1881	6.03814
1881.5	5.66139
1882	5.20889
1882.5	4.80337
1883	4.40896
1883.5	3.87332
1884	3.07131
1884.5	2.16791
1885	1.52598
1885.5	1.47635
1886	2.13305
1886.5	3.22753
1887	4.37644
1887.5	5.34031
1888	6.05829
1888.5	6.53769
1889	6.72144
1889.5	6.47547
1890	5.72493
1890.5	4.64922
1891	3.76992
1891.5	3.60525
1892	4.39353
1892.5	5.81787
1893	6.92235
1893.5	6.9682
1894	5.86354
1894.5	4.23763
1895	3.07568
1895.5	2.82026
1896	3.27144
1896.5	3.79958
1897	3.85039
1897.5	3.42044
1898	2.82531
1898.5	2.40917
1899	2.28378
1899.5	2.29618
1900	2.31157
1900.5	2.30366
1901	2.31718
1901.5	2.32191
1902	2.16141
1902.5	1.63052
1903	0.63291
1903.5	-0.489155
1904	-1.14009
1904.5	-0.760929
1905	0.82056
1905.5	2.89962
1906	4.46562
1906.5	4.88324
1907	4.15159
1907.5	2.97968
1908	2.13581
1908.5	2.03883
1909	2.74057
1909.5	3.94603
1910	5.1427
1910.5	5.84314
1911	5.70847
1911.5	4.77528
1912	3.70788
1912.5	3.17167
1913	3.42147
1913.5	4.10566
1914	4.47721
1914.5	4.14704
1915	3.26011
1915.5	2.43932
1916	2.37247
1916.5	3.26217
1917	4.8255
1917.5	6.39191
1918	7.19557
1918.5	6.96514
1919	5.95792
1919.5	4.82567
1920	4.17142
1920.5	4.03176
1921	4.08554
1921.5	3.97594
1922	3.58363
1922.5	3.09818
1923	2.65482
1923.5	2.25063
1924	1.88091
1924.5	1.79085
1925	2.35363
1925.5	3.70536
1926	5.40461
1926.5	6.49261
1927	6.46795
1927.5	5.55331
1928	4.54228
1928.5	4.20487
1929	4.53724
1929.5	5.0467
1930	5.21059
1930.5	4.91652
1931	4.51202
1931.5	4.26438
1932	4.17479
1932.5	4.03858
1933	3.77954
1933.5	3.51631
1934	3.33337
1934.5	3.08553
1935	2.53528
1935.5	1.73926
1936	1.13641
1936.5	1.41383
1937	2.89508
1937.5	5.12547
1938	7.15414
1938.5	7.89373
1939	6.82018
1939.5	4.53311
1940	2.11061
1940.5	0.595627
1941	0.4133
1941.5	0.929947
1942	1.48437
1942.5	1.77262
1943	1.93617
1943.5	2.17748
1944	2.37538
1944.5	2.25342
1945	1.71062
1945.5	1.11145
1946	0.862911
1946.5	1.08222
1947	1.56915
1947.5	2.08858
1948	2.68309
1948.5	3.45174
1949	4.21342
1949.5	4.40587
1950	3.76595
1950.5	2.58981
1951	1.55624
1951.5	1.23109
1952	1.42054
1952.5	1.6207
1953	1.49841
1953.5	1.24911
1954	1.45611
1954.5	2.43272
1955	3.98518
1955.5	5.41431
1956	5.94997
1956.5	5.33781
1957	3.86369
1957.5	2.24617
1958	1.28469
1958.5	1.24718
1959	1.97978
1959.5	3.0923
1960	4.15047
1960.5	4.87444
1961	5.11427
1961.5	4.86178
1962	4.35916
1962.5	4.0625
1963	4.24211
1963.5	4.79478
1964	5.24405
1964.5	5.24583
1965	4.95985
1965.5	4.80998
1966	5.03078
1966.5	5.23257
1967	4.87943
1967.5	3.88315
1968	2.70998
1968.5	1.98759
1969	1.84543
1969.5	2.06712
1970	2.42518
1970.5	2.88435
1971	3.39301
1971.5	3.6931
1972	3.46048
1972.5	2.6449
1973	1.72989
1973.5	1.16056
1974	1.06997
1974.5	1.29904
1975	1.70336
1975.5	2.33367
1976	3.1242
1976.5	3.62925
1977	3.35956
1977.5	2.53986
1978	1.94927
1978.5	2.33121
1979	3.49714
1979.5	4.49444
1980	4.68374
1980.5	4.25219
1981	4.10579
1981.5	4.70654
1982	5.67386
1982.5	6.23804
1983	5.94631
1983.5	5.31676
1984	5.04101
1984.5	5.43434
1985	6.19692
1985.5	6.69931
1986	6.67338
1986.5	6.25584
1987	5.79837
1987.5	5.52638
1988	5.35509
1988.5	5.09372
1989	4.64923
1989.5	4.19055
1990	4.01495
1990.5	4.29849
1991	4.96113
1991.5	5.61775
1992	5.84614
1992.5	5.4418
1993	4.47591
1993.5	3.29861
1994	2.40887
1994.5	2.14125
1995	2.57504
1995.5	3.48623
1996	4.39532
1996.5	4.96505
1997	5.08899
1997.5	4.86626
1998	4.54736
1998.5	4.38585
1999	4.59916
1999.5	5.29399
2000	6.23112
2000.5	6.88169
2001	6.85997
2001.5	6.21884
2002	5.5589
2002.5	5.42232
2003	5.73454
2003.5	5.89435
2004	5.20061
2004.5	3.79962
2005	2.44619
2005.5	1.94951
2006	2.66978
2006.5	4.10377
2007	5.56499
2007.5	6.58443
2008	6.94642
2008.5	6.62103
2009	5.68326
2009.5	4.38796
2010	3.29195
2010.5	3.08368
2011	3.89277
2011.5	5.2773
2012	6.49367
2012.5	6.98219
2013	6.90016
2013.5	6.63378
2014	6.42666
2014.5	6.23114
2015	5.97845
2015.5	5.82986
2016	6.04272
2016.5	6.7389
2017	7.69685
2017.5	8.62955
2018	9.32319
2018.5	9.54553
2019	8.98286
2019.5	7.5108
2020	5.43117
2020.5	3.54375
2021	2.75452
2021.5	3.10143
2022	3.89488
2022.5	4.19946
2023	3.47106
2023.5	2.13873
2024	0.886818
2024.5	0.234661
2025	0.363203
2025.5	1.06324
2026	2.12806
2026.5	3.3558
2027	4.46168
2027.5	5.08348
2028	4.98434
2028.5	4.17835
2029	3.03075
2029.5	2.24782
2030	2.36603
2030.5	3.46929
2031	5.11467
2031.5	6.49464
2032	7.13512
2032.5	7.01918
2033	6.35745
2033.5	5.30201
2034	3.99003
2034.5	2.7089
2035	1.94739
2035.5	2.11377
2036	2.82143
2036.5	3.27755
2037	2.9559
2037.5	2.14504
2038	1.87482
2038.5	2.65825
2039	4.03342
2039.5	4.84507
2040	4.31389
2040.5	2.97241
2041	1.92086
2041.5	1.99513
2042	3.05966
2042.5	4.21114
2043	4.84398
2043.5	4.88372
2044	4.5976
2044.5	4.17025
2045	3.57047
2045.5	2.85486
2046	2.3476
2046.5	2.34396
2047	2.7324
2047.5	3.09268
2048	3.03179
2048.5	2.65257
2049	2.36595
2049.5	2.41641
2050	2.69015
2050.5	2.86094
2051	2.85623
2051.5	2.85299
2052	3.01967
2052.5	3.27581
2053	3.41549
2053.5	3.41408
2054	3.41213
2054.5	3.48874
2055	3.45858
2055.5	3.15246
2056	2.6611
2056.5	2.32782
2057	2.31867
2057.5	2.46355
2058	2.59708
2058.5	2.89858
2059	3.79143
2059.5	5.27459
2060	6.82228
2060.5	7.75874
2061	7.96023
2061.5	7.93449
2062	7.97401
2062.5	7.80059
2063	6.8429
2063.5	5.33713
2064	4.20175
2064.5	4.27532
2065	5.47383
2065.5	6.57446
2066	6.75504
2066.5	6.12528
2067	5.53058
2067.5	5.47334
2068	5.51777
2068.5	4.94202
2069	3.49667
2069.5	1.92572
2070	1.13953
2070.5	1.43186
2071	2.33356
2071.5	2.98752
2072	3.11802
2072.5	3.12562
2073	3.64321
2073.5	4.8791
2074	6.12851
2074.5	6.52398
2075	5.63611
2075.5	3.81797
2076	2.05079
2076.5	0.944508
2077	0.627747
2077.5	0.955647
2078	1.73579
2078.5	2.82005
2079	3.92967
2079.5	4.64226
2080	4.73807
2080.5	4.45934
2081	4.19711
2081.5	4.19866
2082	4.40762
2082.5	4.66343
2083	4.91562
2083.5	5.13121
2084	5.1552
2084.5	4.90147
2085	4.57793
2085.5	4.63125
2086	5.40131
2086.5	6.47876
2087	7.11204
2087.5	6.79414
2088	5.68741
2088.5	4.62917
2089	4.19036
2089.5	4.35082
2090	4.65552
2090.5	4.71818
2091	4.64378
2091.5	4.71961
2092	5.03887
2092.5	5.25994
2093	4.96646
2093.5	4.09116
2094	2.96644
2094.5	2.13005
2095	1.81857
2095.5	1.99678
2096	2.59
2096.5	3.63893
2097	5.03464
2097.5	6.36196
2098	7.01917
2098.5	6.55756
2099	5.279
2099.5	3.9215
2100	3.06526
2100.5	2.83387
2101	2.87186
2101.5	2.87023
2102	2.84147
2102.5	2.99424
2103	3.45215
2103.5	4.00308
2104	4.31676
2104.5	4.16423
2105	3.60149
2105.5	3.03582
2106	2.81009
2106.5	3.02869
2107	3.50169
2107.5	3.91605
2108	4.17985
2108.5	4.37227
2109	4.54048
2109.5	4.49968
2110	4.01893
2110.5	3.10412
2111	2.12676
2111.5	1.68336
2112	2.04548
2112.5	3.06461
2113	4.24952
2113.5	4.92982
2114	4.74445
2114.5	3.74153
2115	2.34116
2115.5	1.14879
2116	0.410275
2116.5	-0.0632362
2117	-0.54706
2117.5	-0.962742
2118	-0.788937
2118.5	0.287123
2119	1.97452
2119.5	3.44126
2120	4.04925
2120.5	4.0303
2121	4.03594
2121.5	4.54174
2122	5.35453
2122.5	5.94749
2123	6.08522
2123.5	5.90515
2124	5.67955
2124.5	5.47415
2125	5.2462
2125.5	5.04276
2126	4.99988
2126.5	5.04523
2127	4.90957
2127.5	4.39765
2128	3.6649
2128.5	3.17602
2129	3.1167
2129.5	3.23322
2130	3.03941
2130.5	2.39762
2131	1.72633
2131.5	1.50631
2132	1.8617
2132.5	2.37801
2133	2.62415
2133.5	2.57848
2134	2.51621
2134.5	2.6434
2135	2.7744
2135.5	2.66945
2136	2.34665
2136.5	2.15077
2137	2.3013
2137.5	2.58059
2138	2.54914
2138.5	1.94111
2139	1.11714
2139.5	0.69529
2140	1.08797
2140.5	2.26648
2141	3.67753
2141.5	4.7
2142	4.94799
2142.5	4.35216
2143	3.22643
2143.5	2.08803
2144	1.3363
2144.5	1.20516
2145	1.77256
2145.5	2.81918
2146	3.96646
2146.5	4.69315
2147	4.5475
2147.5	3.80586
2148	3.21515
2148.5	3.3937
2149	4.20222
2149.5	4.63266
2150	4.06913
2150.5	2.92457
2151	2.46159
2151.5	3.56109
2152	5.52035
2152.5	6.87536
2153	6.5149
2153.5	4.78604
2154	3.20049
2154.5	2.77829
2155	3.51106
2155.5	4.48272
2156	4.8853
2156.5	4.66228
2157	4.16831
2157.5	3.7176
2158	3.29164
2158.5	2.80901
2159	2.40194
2159.5	2.4759
2160	3.35935
2160.5	4.91397
2161	6.58255
2161.5	7.59266
2162	7.51449
2162.5	6.71774
2163	5.87462
2163.5	5.40873
2164	4.96845
2164.5	3.86023
2165	2.02512
2165.5	0.316145
2166	0.0293484
2166.5	1.18601
2167	2.68851
2167.5	3.23799
2168	2.36396
2168.5	1.00675
2169	0.0772152
2169.5	-0.262615
2170	-0.449207
2170.5	-0.637838
2171	-0.277925
2171.5	1.17257
2172	3.51859
2172.5	5.56672
2173	6.29627
2173.5	5.5623
2174	3.97922
2174.5	2.42508
2175	1.37212
2175.5	0.960096
2176	1.23236
2176.5	2.14315
2177	3.24124
2177.5	3.97882
2178	4.00017
2178.5	3.38646
2179	2.66259
2179.5	2.18464
2180	2.02708
2180.5	2.11375
2181	2.35316
2181.5	2.63257
2182	2.74629
2182.5	2.46627
2183	1.81426
2183.5	1.13291
2184	0.71509
2184.5	0.587053
2185	0.537638
2185.5	0.52928
2186	0.833799
2186.5	1.70238
2187	2.9143
2187.5	3.68744
2188	3.51379
2188.5	2.57333
2189	1.71556
2189.5	1.66793
2190	2.31849
2190.5	3.07778
2191	3.49478
2191.5	3.76279
2192	4.21053
2192.5	4.69745
2193	4.62695
2193.5	3.63063
2194	2.33395
2194.5	1.71823
2195	2.32476
2195.5	3.63682
2196	4.5313
2196.5	4.53012
2197	3.93588
2197.5	3.41402
2198	3.17905
2198.5	3.00268
2199	2.72395
2199.5	2.51496
2200	2.641
2200.5	3.06436
2201	3.54604
2201.5	3.85846
2202	3.88883
2202.5	3.56378
2203	2.90006
2203.5	2.20235
2204	2.06532
2204.5	2.70459
2205	3.7657
2205.5	4.61006
2206	4.86099
2206.5	4.81309
2207	4.79173
2207.5	4.82908
2208	4.72581
2208.5	4.48615
2209	4.29181
2209.5	4.16936
2210	3.85327
2210.5	3.18537
2211	2.49067
2211.5	2.23109
2212	2.55347
2212.5	3.09738
2213	3.55757
2213.5	3.97697
2214	4.48015
2214.5	4.81805
2215	4.51925
2215.5	3.49335
2216	2.27871
2216.5	1.85102
2217	2.57293
2217.5	4.06309
2218	5.55001
2218.5	6.31846
2219	6.28926
2219.5	5.81637
2220	5.3877
2220.5	5.39271
2221	5.86438
2221.5	6.5079
2222	6.88851
2222.5	6.55114
2223	5.28187
2223.5	3.36464
2224	1.42509
2224.5	0.266962
2225	0.459837
2225.5	1.66516
2226	3.08815
2226.5	3.92955
2227	3.8893
2227.5	3.55176
2228	3.56365
2228.5	4.13401
2229	4.8183
2229.5	4.88117
2230	4.05209
2230.5	2.64483
2231	1.37956
2231.5	0.839828
2232	1.03974
2232.5	1.67844
2233	2.38811
2233.5	2.89084
2234	3.05827
2234.5	2.89216
2235	2.60794
2235.5	2.63297
2236	3.09634
2236.5	3.63146
2237	3.6802
2237.5	3.04148
2238	2.4039
2238.5	2.54067
2239	3.67336
2239.5	5.15314
2240	5.87543
2240.5	5.32194
2241	3.69948
2241.5	1.75288
2242	0.33408
2242.5	-0.17185
2243	0.221825
2243.5	1.23384
2244	2.53777
2244.5	3.94519
2245	5.30762
2245.5	6.35652
2246	6.70283
2246.5	6.28428
2247	5.3483
2247.5	4.28501
2248	3.35445
2248.5	2.53057
2249	1.77632
2249.5	1.19359
2250	0.982544
2250.5	1.15939
2251	1.57063
2251.5	2.0527
2252	2.46979
2252.5	2.69317
2253	2.65353
2253.5	2.41572
2254	2.21126
2254.5	2.33041
2255	2.85679
2255.5	3.70931
2256	4.70327
2256.5	5.52463
2257	5.77921
2257.5	5.21066
2258	3.91427
2258.5	2.45933
2259	1.53585
2259.5	1.34059
2260	1.59249
2260.5	1.83872
2261	1.99441
2261.5	2.39872
2262	3.34826
2262.5	4.68379
2263	5.63081
2263.5	5.52535
2264	4.38721
2264.5	2.90399
2265	2.0245
2265.5	2.04099
2266	2.61874
2266.5	3.18402
2267	3.35033
2267.5	3.18979
2268	2.87007
2268.5	2.5333
2269	2.39844
2269.5	2.75397
2270	3.60117
2270.5	4.41809
2271	4.32672
2271.5	3.09013
2272	1.57352
2272.5	1.00634
2273	2.01907
2273.5	3.72084
2274	4.69016
2274.5	4.40969
2275	3.58324
2275.5	3.44425
2276	4.03496
2276.5	4.46056
2277	4.04552
2277.5	3.24084
2278	3.17466
2278.5	4.13648
2279	5.38658
2279.5	5.81124
2280	5.36565
2280.5	4.88291
2281	5.05123
2281.5	5.71878
2282	5.99951
2282.5	5.48421
2283	4.39603
2283.5	3.248
2284	2.37488
2284.5	1.75876
2285	1.30142
2285.5	0.940428
2286	0.679037
2286.5	0.603245
2287	0.890938
2287.5	1.67426
2288	2.84769
2288.5	3.98882
2289	4.76415
2289.5	5.08471
2290	5.11495
2290.5	5.11567
2291	5.17186
2291.5	5.20219
2292	4.99518
2292.5	4.35142
2293	3.3284
2293.5	2.26603
2294	1.6593
2294.5	1.74521
2295	2.13931
2295.5	2.25657
2296	1.80533
2296.5	1.25438
2297	1.44515
2297.5	2.6878
2298	4.46613
2298.5	5.67752
2299	5.91003
2299.5	5.58481
2300	5.31694
2300.5	5.16213
2301	4.39952
2301.5	2.58273
2302	0.231344
2302.5	-1.15642
2303	-0.336477
2303.5	2.07294
2304	4.2262
2304.5	4.32895
2305	2.30156
2305.5	0.0642548
2306	-0.475847
2306.5	1.30799
2307	4.12224
2307.5	6.00136
2308	6.21724
2308.5	5.41371
2309	4.88037
2309.5	5.11074
2310	5.73739
2310.5	6.16119
2311	5.98511
2311.5	5.32618
2312	4.60444
2312.5	4.3261
2313	4.84178
2313.5	5.76161
2314	6.18808
2314.5	5.54107
2315	4.06794
2315.5	2.87758
2316	2.72305
2316.5	3.40798
2317	4.08964
2317.5	3.99238
2318	3.2804
2318.5	2.59388
2319	2.46067
2319.5	3.05938
2320	4.1148
2320.5	5.3118
2321	6.36063
2321.5	6.95343
2322	6.82107
2322.5	5.84891
2323	4.25719
2323.5	2.73432
2324	2.09015
2324.5	2.47163
2325	3.37879
2325.5	4.10341
2326	4.45498
2326.5	4.90497
2327	5.69395
2327.5	6.32808
2328	5.81899
2328.5	4.1381
2329	2.14015
2329.5	0.848833
2330	0.709713
2330.5	1.21063
2331	1.88972
2331.5	2.63423
2332	3.44626
2332.5	4.04447
2333	4.20208
2333.5	4.1396
2334	4.49166
2334.5	5.62499
2335	7.00855
2335.5	7.73138
2336	7.16556
2336.5	5.64133
2337	4.28664
2337.5	3.85378
2338	4.38571
2338.5	5.10505
2339	5.03988
2339.5	3.90518
2340	2.24182
2340.5	1.23426
2341	1.61475
2341.5	3.07057
2342	4.78886
2342.5	5.96292
2343	6.28654
2343.5	5.84592
2344	4.86529
2344.5	3.80305
2345	3.45313
2345.5	4.19856
2346	5.67057
2346.5	6.93632
2347	7.20215
2347.5	6.74407
2348	6.28708
2348.5	6.30155
2349	6.5432
2349.5	6.37255
2350	5.62119
2350.5	4.61385
2351	3.97033
2351.5	4.1063
2352	4.95667
2352.5	6.00072
2353	6.36932
2353.5	5.47664
2354	3.71028
2354.5	1.89277
2355	0.772608
2355.5	0.548738
2356	1.00835
2356.5	2.01149
2357	3.3763
2357.5	4.52999
2358	4.89917
2358.5	4.52856
2359	4.02837
2359.5	3.968
2360	4.00921
2360.5	3.53319
2361	2.4821
2361.5	1.7466
2362	2.18943
2362.5	3.64515
2363	5.38811
2363.5	6.78156
2364	7.66805
2364.5	7.95386
2365	7.30425
2365.5	5.45679
2366	3.05029
2366.5	1.25919
2367	0.852983
2367.5	1.7754
2368	3.12008
2368.5	3.93777
2369	3.99305
2369.5	3.67808
2370	3.60883
2370.5	3.88424
2371	4.23228
2371.5	4.46362
2372	4.73272
2372.5	5.22972
2373	5.65281
2373.5	5.44952
2374	4.51412
2374.5	3.66668
2375	3.72475
2375.5	4.66616
2376	5.58701
2376.5	5.40464
2377	4.05987
2377.5	2.29187
2378	0.962322
2378.5	0.668768
2379	1.28085
2379.5	2.2525
2380	2.82095
2380.5	2.38477
2381	1.36116
2381.5	0.63567
2382	0.871943
2382.5	2.15247
2383	3.87665
2383.5	5.38535
2384	6.13181
2384.5	5.7274
2385	4.52008
2385.5	3.42848
2386	3.1841
2386.5	3.69181
2387	3.88995
2387.5	3.15697
2388	2.1122
2388.5	1.99871
2389	3.27359
2389.5	4.78703
2390	5.44661
2390.5	5.1446
2391	4.8305
2391.5	5.27541
2392	6.07986
2392.5	6.38123
2393	5.62302
2393.5	4.17695
2394	2.87385
2394.5	2.48685
2395	3.43167
2395.5	5.09855
2396	6.27359
2396.5	6.20095
2397	5.18542
2397.5	4.57866
2398	5.13249
2398.5	6.24717
2399	6.65867
2399.5	5.85941
2400	4.84298
2400.5	4.54189
2401	5.06507
2401.5	5.73736
2402	6.00981
2402.5	6.01627
2403	6.01396
2403.5	6.0403
2404	6.03414
2404.5	6.07061
2405	6.1709
2405.5	6.04327
2406	5.31163
2406.5	4.19739
2407	3.38134
2407.5	3.504
2408	4.49057
2408.5	5.43465
2409	5.58037
2409.5	4.93194
2410	4.27521
2410.5	4.3728
2411	5.19417
2411.5	6.03017
2412	5.95893
2412.5	4.96361
2413	3.83161
2413.5	3.38305
2414	3.9996
2414.5	5.24515
2415	6.32021
2415.5	6.5073
2416	5.54737
2416.5	3.98087
2417	2.81437
2417.5	2.73397
2418	3.66435
2418.5	4.64357
2419	4.7781
2419.5	4.06024
2420	3.02482
2420.5	2.2403
2421	1.85466
2421.5	1.9383
2422	2.73206
2422.5	4.34843
2423	6.10625
2423.5	7.01403
2424	6.571
2424.5	5.29124
2425	4.44528
2425.5	4.47228
2426	4.81239
2426.5	4.81288
2427	4.66702
2427.5	5.0329
2428	5.89638
2428.5	6.36738
2429	5.68294
2429.5	4.46022
2430	3.62421
2430.5	3.4339
2431	3.23361
2431.5	2.58342
2432	2.04952
2432.5	2.29154
2433	3.19921
2433.5	3.86343
2434	3.87555
2434.5	3.57594
2435	3.49251
2435.5	3.53276
2436	3.36408
2436.5	3.07494
2437	3.16951
2437.5	3.92967
2438	4.79391
2438.5	5.14999
2439	4.98601
2439.5	5.0432
2440	5.81818
2440.5	6.8315
2441	6.96944
2441.5	5.57166
2442	3.52768
2442.5	2.04402
2443	1.62918
2443.5	1.75846
2444	1.64833
2444.5	1.43254
2445	1.59232
2445.5	2.18468
2446	2.61073
2446.5	2.59748
2447	2.60481
2447.5	3.22578
2448	4.29936
2448.5	5.02497
2449	4.95737
2449.5	4.33391
2450	3.84754
2450.5	3.73291
2451	3.76183
2451.5	3.69379
2452	3.63174
2452.5	3.94867
2453	4.68329
2453.5	5.41294
2454	5.57275
2454.5	5.18108
2455	4.80656
2455.5	4.83111
2456	4.87241
2456.5	4.19097
2457	2.90315
2457.5	1.89308
2458	2.04185
2458.5	3.26838
2459	4.53712
2459.5	5.28879
2460	5.52517
2460.5	5.42568
2461	4.98021
2461.5	4.15219
2462	3.19512
2462.5	2.54872
2463	2.48128
2463.5	3.06145
2464	4.26229
2464.5	5.79542
2465	7.02409
2465.5	7.49598
2466	7.24655
2466.5	6.72917
2467	6.32611
2467.5	5.88496
2468	5.19706
2468.5	4.39484
2469	3.98068
2469.5	4.16793
2470	4.62369
2470.5	4.79254
2471	4.44398
2471.5	4.0504
2472	4.1453
2472.5	4.84068
2473	5.59988
2473.5	5.95414
2474	6.12832
2474.5	6.64165
2475	7.565
2475.5	7.97098
2476	7.20808
2476.5	5.70263
2477	4.7247
2477.5	5.1017
2478	5.9738
2478.5	5.90915
2479	4.27692
2479.5	1.87041
2480	0.0721493
2480.5	-0.484428
2481	-0.0591297
2481.5	0.697021
2482	1.42889
2482.5	2.13615
2483	2.87667
2483.5	3.6482
2484	4.39294
2484.5	5.00748
2485	5.30995
2485.5	5.1193
2486	4.59469
2486.5	4.24883
2487	4.4283
2487.5	5.00472
2488	5.37952
2488.5	5.20225
2489	4.68879
2489.5	4.29772
2490	4.2455
2490.5	4.40524
2491	4.76346
2491.5	5.50659
2492	6.70595
2492.5	7.93612
2493	8.62543
2493.5	8.37083
2494	7.10771
2494.5	5.47848
2495	4.24506
2495.5	3.95801
2496	4.60059
2496.5	5.36406
2497	5.61768
2497.5	5.50521
2498	5.57434
2498.5	5.9221
2499	5.84165
2499.5	4.84463
2500	3.29836
2500.5	2.2163
2501	2.15833
2501.5	3.08991
2502	4.74457
2502.5	6.7982
2503	8.4877
2503.5	8.87147
2504	7.52732
2504.5	5.3924
2505	4.27941
2505.5	4.86784
2506	6.52177
2506.5	7.85643
2507	7.97334
2507.5	7.21633
2508	6.26307
2508.5	5.6988
2509	5.77075
2509.5	6.27057
2510	6.87185
2510.5	7.37552
2511	7.86028
2511.5	8.55508
2512	9.47133
2512.5	10.3315
2513	10.7254
2513.5	10.4434
2514	9.44679
2514.5	7.8432
2515	5.92929
2515.5	4.22329
2516	3.2661
2516.5	3.50736
2517	5.0105
2517.5	6.9907
2518	8.22814
2518.5	7.90055
2519	6.26546
2519.5	4.94531
2520	4.90251
2520.5	5.60718
2521	5.85659
2521.5	5.23292
2522	4.94485
2522.5	5.6577
2523	6.78336
2523.5	7.09161
2524	6.50472
2524.5	5.8861
2525	5.47515
2525.5	4.64885
2526	3.22286
2526.5	2.2763
2527	2.72354
2527.5	4.19002
2528	5.29594
2528.5	5.54062
2529	5.48351
2529.5	5.67883
2530	5.9481
2530.5	6.01499
2531	6.00884
2531.5	6.03296
2532	5.73252
2532.5	4.96938
2533	4.22056
2533.5	4.07647
2534	4.42463
2534.5	4.69982
2535	4.92816
2535.5	5.49606
2536	6.32483
2536.5	6.63432
2537	6.32265
2537.5	6.12208
2538	6.70823
2538.5	7.37966
2539	7.1237
2539.5	6.15724
2540	5.75679
2540.5	6.84969
2541	8.22014
2541.5	8.56624
2542	7.75556
2542.5	7.03016
2543	7.2873
2543.5	7.95279
2544	8.08741
2544.5	7.39653
2545	6.59567
2545.5	6.17112
2546	5.96598
2546.5	5.61179
2547	5.09704
2547.5	4.71128
2548	4.6433
2548.5	4.9713
2549	5.69811
2549.5	6.53537
2550	6.95901
2550.5	6.676
2551	6.08621
2551.5	5.89346
2552	6.16109
2552.5	6.38274
2553	6.33667
2553.5	6.49647
2554	7.046
2554.5	7.36967
2555	6.77007
2555.5	5.77295
2556	5.45026
2556.5	6.11774
2557	6.86962
2557.5	6.84057
2558	6.17932
2558.5	5.32717
2559	4.38569
2559.5	3.35682
2560	2.75591
2560.5	3.17981
2561	4.5971
2561.5	6.19465
2562	7.39237
2562.5	8.06861
2563	8.11696
2563.5	7.42875
2564	6.50836
2564.5	6.12382
2565	6.56442
2565.5	7.06997
2566	6.8046
2566.5	6.06967
2567	5.73384
2567.5	6.17185
2568	6.50067
2568.5	6.03556
2569	5.08424
2569.5	4.70611
2570	5.48403
2570.5	6.70868
2571	7.42543
2571.5	7.14077
2572	6.31002
2572.5	5.72842
2573	5.61769
2573.5	5.72555
2574	5.72229
2574.5	5.7837
2575	6.28406
2575.5	7.30825
2576	8.35847
2576.5	8.70274
2577	8.20142
2577.5	7.2601
2578	6.5395
2578.5	6.32365
2579	6.34295
2579.5	6.31705
2580	6.23714
2580.5	6.37148
2581	6.79811
2581.5	7.3771
2582	7.93536
2582.5	8.37531
2583	8.57612
2583.5	8.3422
2584	7.65184
2584.5	6.90062
2585	6.52084
2585.5	6.41093
2586	6.2286
2586.5	5.94525
2587	6.02325
2587.5	6.46199
2588	6.627
2588.5	5.90239
2589	5.01432
2589.5	5.11868
2590	6.23823
2590.5	6.95222
2591	5.87645
2591.5	3.95644
2592	2.92779
2592.5	3.65098
2593	4.98297
2593.5	5.48698
2594	5.22537
2594.5	5.10283
2595	5.60064
2595.5	6.0697
2596	6.00264
2596.5	5.56473
2597	5.37843
2597.5	5.69811
2598	6.25189
2598.5	6.65418
2599	6.70713
2599.5	6.68131
2600	7.01577
2600.5	7.78793
2601	8.39612
2601.5	7.96612
2602	6.5702
2602.5	4.98568
2603	3.98998
2603.5	3.74631
2604	4.06311
2604.5	4.98443
2605	6.34146
2605.5	7.32117
2606	7.27461
2606.5	6.65925
2607	6.60058
2607.5	7.6185
2608	8.8548
2608.5	9.19965
2609	8.36345
2609.5	6.9201
2610	5.72611
2610.5	5.40029
2611	6.05939
2611.5	7.14111
2612	7.61175
2612.5	7.07085
2613	6.20061
2613.5	5.93372
2614	6.47427
2614.5	7.00531
2615	7.0452
2615.5	6.86817
2616	7.05896
2616.5	7.73858
2617	8.53181
2617.5	9.13783
2618	9.43619
2618.5	9.35964
2619	8.88197
2619.5	8.04228
2620	7.01243
2620.5	6.11644
2621	5.60856
2621.5	5.57071
2622	5.86184
2622.5	6.11625
2623	6.10999
2623.5	5.89965
2624	5.649
2624.5	5.43116
2625	5.18334
2625.5	4.89982
2626	4.82106
2626.5	4.95567
2627	5.04442
2627.5	5.12176
2628	5.08936
2628.5	4.78436
2629	4.05177
2629.5	2.69647
2630	1.6234
2630.5	0.509295
2631	0.402065
2631.5	0.789089
2632	1.92514
2632.5	3.07992
2633	4.0254
2633.5	4.02083
2634	3.5336
2634.5	2.6929
2635	2.30527
2635.5	2.26056
2636	2.79161
2636.5	3.31248
2637	3.71111
2637.5	3.43686
2638	2.99565
2638.5	2.41417
2639	2.65667
2639.5	3.34233
2640	4.81489
2640.5	6.38709
2641	7.90057
2641.5	8.67903
2642	8.99911
2642.5	8.87819
2643	8.16387
2643.5	7.17803
2644	5.69851
2644.5	3.9938
2645	2.2666
2645.5	1.41655
2646	1.44448
2646.5	2.43951
2647	4.00631
2647.5	5.27308
2648	5.45395
2648.5	4.33544
2649	2.51168
2649.5	0.248336
2650	-1.39319
2650.5	-2.24984
2651	-1.62171
2651.5	-0.512924
2652	1.23002
2652.5	2.53325
2653	3.5451
2653.5	2.98977
2654	2.09437
2654.5	0.706026
2655	-0.117295
2655.5	-0.540144
2656	0.114429
2656.5	0.936234
2657	1.87523
2657.5	2.16828
2658	2.29709
2658.5	2.1722
2659	2.32439
2659.5	2.61527
2660	3.19213
2660.5	3.59114
2661	3.84707
2661.5	3.44165
2662	2.96581
2662.5	2.42482
2663	2.4459
2663.5	2.78936
2664	3.94691
2664.5	5.13942
2665	6.36414
2665.5	7.08826
2666	7.6062
2666.5	7.76528
2667	7.53681
2667.5	7.07092
2668	5.91166
2668.5	4.79804
2669	3.73259
2669.5	4.02983
2670	4.83302
2670.5	6.48761
2671	7.35085
2671.5	7.69565
2672	6.11138
2672.5	4.37133
2673	2.44294
2673.5	1.80638
2674	1.71492
2674.5	2.60909
2675	3.63803
2675.5	4.72805
2676	5.16432
2676.5	5.12926
2677	4.44045
2677.5	3.22637
2678	2.07006
2678.5	1.60717
2679	1.89668
2679.5	2.69063
2680	3.19042
2680.5	3.2653
2681	2.66558
2681.5	2.31969
2682	2.25647
2682.5	3.20896
2683	4.01226
2683.5	4.7006
2684	3.92957
2684.5	3.02929
2685	2.00834
2685.5	1.98376
2686	2.34115
2686.5	2.94966
2687	2.89453
2687.5	2.25332
2688	1.08544
2688.5	0.268511
2689	0.298718
2689.5	1.40418
2690	2.94291
2690.5	4.44455
2691	5.28523
2691.5	5.45762
2692	4.75541
2692.5	3.9286
2693	3.05884
2693.5	2.40496
2694	1.86627
2694.5	1.48866
2695	1.24187
2695.5	1.14655
2696	1.46878
2696.5	1.88108
2697	2.35407
2697.5	2.60881
2698	2.74606
2698.5	2.979
2699	3.42929
2699.5	4.16818
2700	4.88113
2700.5	5.51163
2701	5.86334
2701.5	6.41187
2702	7.08763
2702.5	8.16571
2703	8.89929
2703.5	9.10705
2704	8.15808
2704.5	6.84236
2705	5.26868
2705.5	4.26202
2706	3.67357
2706.5	3.7729
2707	3.72584
2707.5	3.38175
2708	2.59582
2708.5	1.77094
2709	1.54394
2709.5	2.05157
2710	3.18066
2710.5	4.26548
2711	4.88892
2711.5	4.5742
2712	3.95004
2712.5	3.32939
2713	3.65824
2713.5	4.2568
2714	5.11665
2714.5	5.31608
2715	5.3047
2715.5	4.96175
2716	4.84869
2716.5	4.85108
2717	4.97902
2717.5	5.0171
2718	4.95551
2718.5	4.8234
2719	4.59859
2719.5	4.14139
2720	3.40639
2720.5	2.54794
2721	2.16792
2721.5	2.30178
2722	3.0889
2722.5	4.26626
2723	5.42004
2723.5	6.22777
2724	6.78113
2724.5	7.1735
2725	7.18641
2725.5	6.93741
2726	6.30601
2726.5	5.52895
2727	4.82592
2727.5	4.58496
2728	4.65058
2728.5	4.9326
2729	5.40955
2729.5	5.95257
2730	6.59991
2730.5	6.99119
2731	7.18693
2731.5	6.76311
2732	6.28776
2732.5	5.77064
2733	5.71954
2733.5	5.69346
2734	5.66398
2734.5	5.46392
2735	5.23945
2735.5	5.28009
2736	5.4182
2736.5	5.64677
2737	5.53147
2737.5	5.38701
2738	5.25191
2738.5	5.58823
2739	6.13029
2739.5	6.69293
2740	6.726
2740.5	6.19626
2741	4.96846
2741.5	3.89214
2742	3.48328
2742.5	4.02721
2743	5.05168
2743.5	6.06861
2744	6.51453
2744.5	6.26535
2745	4.94835
2745.5	3.29033
2746	1.16999
2746.5	-0.458782
2747	-1.74576
2747.5	-0.833025
2748	0.614546
2748.5	2.80928
2749	4.02396
2749.5	4.70641
2750	4.20432
2750.5	3.90518
2751	3.7431
2751.5	4.24208
2752	4.60724
2752.5	4.74655
2753	4.41811
2753.5	3.96381
2754	3.55206
2754.5	3.42262
2755	3.51224
2755.5	3.74096
2756	3.63881
2756.5	2.90926
2757	0.899823
2757.5	-1.68564
2758	-5.1149
2758.5	-8.20436
2759	-10.9916
2759.5	-11.9972
2760	-12.0128
2760.5	-10.2074
2761	-6.98669
2761.5	-3.19162
2762	0.54542
2762.5	3.05477
2763	4.31406
2763.5	3.50328
2764	2.44308
2764.5	1.4078
2765	1.41183
2765.5	1.93879
2766	2.77856
2766.5	3.32624
2767	3.53333
2767.5	4.04319
2768	4.80614
2768.5	6.18024
2769	7.04443
2769.5	7.56862
2770	6.56297
2770.5	5.45552
2771	4.21193
2771.5	3.70618
2772	3.44988
2772.5	3.51877
2773	3.44741
2773.5	3.28528
2774	2.90303
2774.5	2.50673
2775	2.08885
2775.5	1.79681
2776	1.61364
2776.5	1.77036
2777	2.18722
2777.5	2.79729
2778	3.656
2778.5	4.43271
2779	5.04874
2779.5	5.06805
2780	4.82156
2780.5	4.16475
2781	3.58463
2781.5	3.06984
2782	2.70882
2782.5	2.40781
2783	2.20792
2783.5	2.20465
2784	2.24052
2784.5	1.98234
2785	1.50615
2785.5	0.817274
2786	1.07244
2786.5	1.77735
2787	3.31415
2787.5	4.37988
2788	5.13481
2788.5	4.78366
2789	4.38383
2789.5	3.92964
2790	3.49225
2790.5	3.07824
2791	2.72371
2791.5	2.87137
2792	3.29604
2792.5	3.91252
2793	4.25851
2793.5	4.25823
2794	4.43813
2794.5	4.794
2795	5.63042
2795.5	6.01314
2796	6.10088
2796.5	4.91293
2797	3.77758
2797.5	2.71958
2798	2.54944
2798.5	2.67775
2799	3.11783
2799.5	3.22284
2800	3.08963
2800.5	2.88483
2801	2.959
2801.5	3.50903
2802	3.97285
2802.5	4.20213
2803	3.3186
2803.5	2.50999
2804	1.76252
2804.5	2.83706
2805	4.18625
2805.5	5.86258
2806	6.07397
2806.5	5.64458
2807	4.50619
2807.5	4.12203
2808	4.44289
2808.5	5.29675
2809	5.6681
2809.5	4.81046
2810	3.19968
2810.5	1.36265
2811	0.557242
2811.5	0.574772
2812	1.47294
2812.5	2.78011
2813	3.9558
2813.5	4.61873
2814	4.60193
2814.5	4.21822
2815	3.47979
2815.5	2.99896
2816	2.83393
2816.5	3.24228
2817	3.79737
2817.5	4.48065
2818	4.8146
2818.5	4.91794
2819	3.93972
2819.5	2.74287
2820	1.2384
2820.5	0.66025
2821	0.614473
2821.5	1.8067
2822	2.88261
2822.5	3.87942
2823	3.27599
2823.5	2.32899
2824	0.855775
2824.5	0.365848
2825	0.447842
2825.5	1.94627
2826	3.26688
2826.5	4.44853
2827	3.96449
2827.5	3.34149
2828	2.60647
2828.5	2.58686
2829	2.77982
2829.5	2.73188
2830	2.4461
2830.5	1.94733
2831	2.41638
2831.5	3.18833
2832	4.44011
2832.5	5.10103
2833	5.49314
2833.5	5.66817
2834	5.98004
2834.5	6.43222
2835	5.90725
2835.5	5.00404
2836	3.44916
2836.5	2.6178
2837	2.21731
2837.5	2.93729
2838	3.50256
2838.5	3.88621
2839	4.20839
2839.5	4.688
2840	5.68141
2840.5	6.27645
2841	6.58739
2841.5	5.14389
2842	3.44859
2842.5	1.41422
2843	0.501797
2843.5	0.0901556
2844	0.617174
2844.5	1.19756
2845	1.81267
2845.5	2.44724
2846	3.15487
2846.5	3.97565
2847	4.23042
2847.5	4.13813
2848	3.16164
2848.5	2.52414
2849	2.14025
2849.5	3.15814
2850	4.19671
2850.5	5.18208
2851	5.34632
2851.5	5.24534
2852	5.17926
2852.5	5.41748
2853	5.91675
2853.5	5.45721
2854	4.39102
2854.5	2.20996
2855	0.320209
2855.5	-1.2011
2856	-0.692
2856.5	0.491269
2857	2.33686
2857.5	3.13182
2858	3.37623
2858.5	2.57062
2859	1.98572
2859.5	1.5798
2860	2.09304
2860.5	2.43575
2861	2.58666
2861.5	2.23561
2862	2.03256
2862.5	2.48575
2863	3.34547
2863.5	4.3749
2864	4.33274
2864.5	4.00547
2865	3.31067
2865.5	3.32188
2866	3.52586
2866.5	3.89768
2867	3.67233
2867.5	3.07372
2868	2.28763
2868.5	1.75292
2869	1.59056
2869.5	1.42094
2870	1.24092
2870.5	1.02441
2871	1.19548
2871.5	1.64405
2872	2.35318
2872.5	2.8722
2873	3.0555
2873.5	3.0853
2874	3.10467
2874.5	3.32684
2875	3.44006
2875.5	3.46377
2876	2.75243
2876.5	1.76477
2877	0.319045
2877.5	-0.838504
2878	-1.66363
2878.5	-0.866995
2879	0.596543
2879.5	2.68782
2880	3.88892
2880.5	4.46877
2881	3.81804
2881.5	3.04801
2882	2.3221
2882.5	2.59546
2883	3.07377
2883.5	3.77296
2884	3.87086
2884.5	3.65918
2885	2.83692
2885.5	1.91909
2886	0.991763
2886.5	0.753078
2887	0.852153
2887.5	1.36821
2888	1.79904
2888.5	2.09184
2889	1.98565
2889.5	1.69574
2890	1.29156
2890.5	0.644349
2891	-0.086833
2891.5	-0.937026
2892	-1.41256
2892.5	-1.55539
2893	-0.72707
2893.5	0.680735
2894	2.48554
2894.5	4.20194
2895	5.44798
2895.5	5.92824
2896	5.29099
2896.5	4.30795
2897	3.23528
2897.5	2.74708
2898	2.7188
2898.5	3.2972
2899	3.87503
2899.5	4.39506
2900	4.77872
2900.5	5.05073
2901	4.90689
2901.5	4.33615
2902	3.38043
2902.5	2.40726
2903	1.75367
2903.5	1.80723
2904	2.17873
2904.5	2.61817
2905	2.46695
2905.5	2.21286
2906	1.85255
2906.5	1.93624
2907	2.04156
2907.5	2.05385
2908	1.73469
2908.5	1.2843
2909	1.27645
2909.5	1.65073
2910	2.47685
2910.5	3.10452
2911	3.48165
2911.5	3.19239
2912	2.72896
2912.5	2.1804
2913	2.05886
2913.5	2.20814
2914	2.72472
2914.5	3.5509
2915	4.33549
2915.5	4.70619
2916	4.48378
2916.5	3.87267
2917	3.36426
2917.5	3.28234
2918	3.86544
2918.5	4.52998
2919	4.98102
2919.5	4.33564
2920	3.23331
2920.5	1.78668
2921	1.29501
2921.5	1.34121
2922	2.29198
2922.5	3.38354
2923	4.39781
2923.5	4.6692
2924	4.50347
2924.5	3.96009
2925	3.42742
2925.5	3.00703
2926	2.82035
2926.5	2.57494
2927	2.27084
2927.5	1.67878
2928	1.20981
2928.5	0.862608
2929	1.13755
2929.5	1.57074
2930	2.21527
2930.5	2.70018
2931	3.09552
2931.5	3.30433
2932	3.41526
2932.5	3.41531
2933	3.0275
2933.5	2.51397
2934	1.81477
2934.5	1.32777
2935	0.975933
2935.5	1.08681
2936	1.31556
2936.5	1.69738
2937	2.23025
2937.5	2.78065
2938	3.28265
2938.5	3.47365
2939	3.46624
2939.5	3.02398
2940	2.69318
2940.5	2.52867
2941	2.68101
2941.5	2.85422
2942	2.76325
2942.5	2.34206
2943	1.68275
2943.5	1.2131
2944	1.06333
2944.5	1.45552
2945	2.16559
2945.5	2.91542
2946	3.33443
2946.5	3.41197
2947	3.20693
2947.5	2.81933
2948	2.52111
2948.5	2.42449
2949	2.61734
2949.5	2.9245
2950	3.27268
2950.5	3.41688
2951	3.36774
2951.5	2.88424
2952	2.29366
2952.5	1.55756
2953	0.916739
2953.5	0.345613
2954	0.0654974
2954.5	-0.0525246
2955	0.00533485
2955.5	0.229366
2956	0.467002
2956.5	0.675369
2957	0.811439
2957.5	0.906092
2958	0.927476
2958.5	0.853634
2959	0.661414
2959.5	0.134297
2960	-0.498206
2960.5	-1.26665
2961	-1.78275
2961.5	-2.13436
2962	-1.78324
2962.5	-1.30163
2963	-0.633758
2963.5	-0.1561
2964	0.207719
2964.5	0.297633
2965	0.32547
2965.5	0.310451
2966	0.336733
2966.5	0.350161
2967	0.34142
2967.5	0.246895
2968	0.113792
2968.5	-0.0859966
2969	-0.288542
2969.5	-0.493283
2970	-0.626922
2970.5	-0.689095
2971	-0.622166
2971.5	-0.288832
2972	0.192737
2972.5	1.02951
2973	1.93188
2973.5	2.89383
2974	3.42797
2974.5	3.67663
2975	3.37716
2975.5	2.73478
2976	1.9637
2976.5	1.33813
2977	0.936983
2977.5	0.769157
2978	0.780117
2978.5	0.790721
2979	0.7388
2979.5	0.686844
2980	0.644061
2980.5	0.737374
2981	0.863572
2981.5	1.02894
2982	1.20616
2982.5	1.42095
2983	1.74627
2983.5	2.12368
2984	2.51807
2984.5	2.49012
2985	2.16029
2985.5	1.41809
2986	0.579274
2986.5	-0.10638
2987	-0.130419
2987.5	0.455478
2988	1.44395
2988.5	2.62306
2989	3.54151
2989.5	4.04902
2990	3.92255
2990.5	3.54504
2991	2.81766
2991.5	2.01619
2992	1.15849
2992.5	0.430341
2993	-0.106106
2993.5	-0.303656
2994	0.0619497
2994.5	0.682292
2995	1.69872
2995.5	2.6241
2996	3.47024
2996.5	3.7287
2997	3.72321
2997.5	3.25636
2998	2.50406
2998.5	1.64559
2999	0.852786
2999.5	0.313868
3000	0.0278549
3000.5	0.27422
3001	0.646483
3001.5	1.17472
3002	1.49792
3002.5	1.6873
3003	1.40529
3003.5	0.98861
3004	0.418318
3004.5	-0.0428867
3005	-0.373093
3005.5	-0.36989
3006	-0.0693111
3006.5	0.397367
3007	0.954223
3007.5	1.33744
3008	1.49358
3008.5	1.20694
3009	0.79408
3009.5	0.262938
3010	-0.105515
3010.5	-0.370171
3011	-0.457597
3011.5	-0.636765
3012	-0.953813
3012.5	-1.50515
3013	-2.08802
3013.5	-2.54083
3014	-2.66604
3014.5	-2.55329
3015	-2.04702
3015.5	-1.56887
3016	-1.15873
3016.5	-1.02155
3017	-0.987696
3017.5	-1.04654
3018	-0.935909
3018.5	-0.684046
3019	-0.0358429
3019.5	0.65507
3020	1.37988
3020.5	1.72237
3021	1.82799
3021.5	1.24908
3022	0.471967
3022.5	-0.494318
3023	-1.12874
3023.5	-1.47831
3024	-1.23939
3024.5	-0.550605
3025	0.342443
3025.5	1.27268
3026	1.9817
3026.5	2.44901
3027	2.43715
3027.5	2.2812
3028	1.92156
3028.5	1.62004
3029	1.36094
3029.5	1.32946
3030	1.3157
3030.5	1.32413
3031	1.09865
3031.5	0.764503
3032	0.21941
3032.5	-0.228742
3033	-0.609699
3033.5	-0.486486
3034	-0.24631
3034.5	0.162048
3035	0.324609
3035.5	0.330392
3036	-0.0585718
3036.5	-0.428304
3037	-0.784693
3037.5	-0.513288
3038	-0.0199022
3038.5	0.823419
3039	1.57733
3039.5	2.21189
3040	2.3706
3040.5	2.26811
3041	1.95716
3041.5	1.40555
3042	0.765631
3042.5	-0.0190926
3043	-0.863152
3043.5	-1.6719
3044	-2.09868
3044.5	-2.04614
3045	-1.55529
3045.5	-0.473165
3046	0.55879
3046.5	1.35644
3047	1.40685
3047.5	1.07762
3048	0.154988
3048.5	-0.613173
3049	-1.21962
3049.5	-1.25927
3050	-1.17975
3050.5	-0.986419
3051	-0.975995
3051.5	-1.05406
3052	-1.09683
3052.5	-0.842251
3053	-0.231095
3053.5	0.854886
3054	1.90636
3054.5	2.58155
3055	2.48121
3055.5	1.91514
3056	0.68601
3056.5	-0.304062
3057	-0.965259
3057.5	-0.628689
3058	0.0731487
3058.5	1.3005
3059	2.24617
3059.5	3.00455
3060	2.79441
3060.5	2.42564
3061	1.81515
3061.5	1.43462
3062	1.19298
3062.5	1.3044
3063	1.44452
3063.5	1.60657
3064	1.45956
3064.5	1.18627
3065	0.705368
3065.5	0.223003
3066	-0.226273
3066.5	-0.468971
3067	-0.549101
3067.5	-0.486803
3068	-0.222265
3068.5	0.0746498
3069	0.406234
3069.5	0.666417
3070	0.887019
3070.5	1.01658
3071	1.1482
3071.5	1.2819
3072	1.47637
3072.5	1.66832
3073	1.83569
3073.5	1.8262
3074	1.71046
3074.5	1.3041
3075	0.825533
3075.5	0.264028
3076	-0.244198
3076.5	-0.699741
3077	-1.02491
3077.5	-1.23571
3078	-1.37531
3078.5	-1.3074
3079	-1.11003
3079.5	-0.74219
3080	-0.175431
3080.5	0.408648
3081	0.90339
3081.5	1.06391
3082	1.00933
3082.5	0.380871
3083	-0.308323
3083.5	-1.08947
3084	-1.4847
3084.5	-1.62799
3085	-1.10735
3085.5	-0.315575
3086	0.674542
3086.5	1.57051
3087	2.27733
3087.5	2.6586
3088	2.69485
3088.5	2.61797
3089	2.52674
3089.5	2.58494
3090	2.76855
3090.5	3.15909
3091	3.48575
3091.5	3.65457
3092	3.36976
3092.5	2.83808
3093	1.75015
3093.5	0.571954
3094	-0.693001
3094.5	-1.44677
3095	-1.87782
3095.5	-1.67286
3096	-0.974331
3096.5	-0.0475159
3097	0.947285
3097.5	1.67817
3098	2.11864
3098.5	2.03242
3099	1.80972
3099.5	1.42602
3100	1.2636
3100.5	1.23568
3101	1.56379
3101.5	1.85922
3102	2.11343
3102.5	1.68802
3103	0.868777
3103.5	-0.827115
3104	-3.00865
3104.5	-5.48547
3105	-7.97398
3105.5	-10.077
3106	-11.6218
3106.5	-12.0958
3107	-12.0493
3107.5	-10.9474
3108	-9.2777
3108.5	-7.21059
3109	-4.86983
3109.5	-2.60509
3110	-0.475862
3110.5	1.11332
3111	2.40154
3111.5	2.97278
3112	3.12812
3112.5	2.94918
3113	2.36388
3113.5	1.79
3114	1.28166
3114.5	1.06168
3115	0.999992
3115.5	1.30725
3116	1.6633
3116.5	2.06428
3117	2.29963
3117.5	2.45023
3118	2.44482
3118.5	2.49588
3119	2.60395
3119.5	3.03039
3120	3.64582
3120.5	4.46045
3121	5.25093
3121.5	5.91945
3122	6.2724
3122.5	6.18132
3123	5.84755
3123.5	5.19059
3124	4.54498
3124.5	3.91309
3125	3.50239
3125.5	3.15421
3126	2.87695
3126.5	2.51505
3127	2.0989
3127.5	1.49038
3128	0.905984
3128.5	0.354974
3129	0.121116
3129.5	0.0694485
3130	0.438654
3130.5	1.02225
3131	1.74943
3131.5	2.56081
3132	3.30912
3132.5	3.95579
3133	4.38891
3133.5	4.69797
3134	4.70174
3134.5	4.49818
3135	4.13503
3135.5	3.4314
3136	2.67222
3136.5	1.83791
3137	1.13435
3137.5	0.539609
3138	0.344518
3138.5	0.34921
3139	0.530136
3139.5	0.896006
3140	1.29088
3140.5	1.7156
3141	2.24472
3141.5	2.8724
3142	3.98211
3142.5	5.42248
3143	7.19685
3143.5	9.46742
3144	11.7987
3144.5	14.1293
3145	16.1379
3145.5	17.9398
3146	19.0381
3146.5	19.9086
3147	20.5156
3147.5	20.8678
3148	21.1058
3148.5	21.1292
3149	20.7744
3149.5	20.1749
3150	18.6519
3150.5	16.781
3151	14.4485
3151.5	11.8587
3152	9.31649
3152.5	7.14745
3153	5.6163
3153.5	4.49632
3154	4.30273
3154.5	4.29031
3155	4.55414
3155.5	4.66929
3156	4.65652
3156.5	4.24859
3157	3.56483
3157.5	2.67787
3158	1.68685
3158.5	0.778698
3159	0.0222797
3159.5	-0.464162
3160	-0.812553
3160.5	-0.871026
3161	-0.840451
3161.5	-0.734637
3162	-0.577784
3162.5	-0.407841
3163	-0.218369
3163.5	0.00910091
3164	0.254432
3164.5	0.524471
3165	0.745901
3165.5	0.92028
3166	0.81156
3166.5	0.573879
3167	0.101628
3167.5	-0.517562
3168	-1.18997
3168.5	-1.71004
3169	-1.95981
3169.5	-1.91006
3170	-1.35891
3170.5	-0.636904
3171	0.35239
3171.5	1.24032
3172	2.04839
3172.5	2.32761
3173	2.36033
3173.5	2.08003
3174	1.56008
3174.5	1.02595
3175	0.606071
3175.5	0.421609
3176	0.384959
3176.5	0.618181
3177	0.831826
3177.5	1.01691
3178	0.895782
3178.5	0.608323
3179	-0.0539627
3179.5	-0.856395
3180	-1.75764
3180.5	-2.53128
3181	-3.13885
3181.5	-3.47167
3182	-3.45065
3182.5	-3.28908
3183	-2.95583
3183.5	-2.69035
3184	-2.47975
3184.5	-2.5461
3185	-2.68378
3185.5	-2.9296
3186	-3.03387
3186.5	-3.02376
3187	-2.57763
3187.5	-1.88551
3188	-0.965309
3188.5	0.104327
3189	1.09507
3189.5	1.87352
3190	2.20143
3190.5	2.28705
3191	1.89885
3191.5	1.39623
3192	0.772108
3192.5	0.277446
3193	-0.101512
3193.5	-0.218184
3194	-0.19903
3194.5	-0.112679
3195	-0.0475235
3195.5	-0.0691814
3196	-0.196413
3196.5	-0.514958
3197	-0.885548
3197.5	-1.3101
3198	-1.66691
3198.5	-1.9789
3199	-2.08219
3199.5	-2.08392
3200	-1.94398
3200.5	-1.61451
3201	-1.20368
3201.5	-0.648016
3202	-0.00689507
3202.5	0.691882
3203	1.40787
3203.5	2.0541
3204	2.58796
3204.5	2.87553
3205	3.01628
3205.5	2.78577
3206	2.37693
3206.5	1.82987
3207	1.21004
3207.5	0.661369
3208	0.251085
3208.5	0.112199
3209	0.118332
3209.5	0.448694
3210	0.843224
3210.5	1.29475
3211	1.60941
3211.5	1.82368
3212	1.84542
3212.5	1.66535
3213	1.39048
3213.5	1.00968
3214	0.662115
3214.5	0.34835
3215	0.203923
3215.5	0.125216
3216	0.159779
3216.5	0.261752
3217	0.396595
3217.5	0.538028
3218	0.66003
3218.5	0.759385
3219	0.799969
3219.5	0.810373
3220	0.759528
3220.5	0.632053
3221	0.458819
3221.5	0.203306
3222	-0.0593557
3222.5	-0.331557
3223	-0.514438
3223.5	-0.632566
3224	-0.584865
3224.5	-0.367011
3225	-0.0392075
3225.5	0.443328
3226	0.919775
3226.5	1.38683
3227	1.68743
3227.5	1.88542
3228	1.82188
3228.5	1.55056
3229	1.12505
3229.5	0.525492
3230	-0.0743265
3230.5	-0.664223
3231	-1.08676
3231.5	-1.40792
3232	-1.45821
3232.5	-1.31179
3233	-0.997962
3233.5	-0.529314
3234	-0.0586939
3234.5	0.393258
3235	0.681094
3235.5	0.872221
3236	0.805613
3236.5	0.590326
3237	0.230133
3237.5	-0.235127
3238	-0.698004
3238.5	-1.12693
3239	-1.41171
3239.5	-1.6116
3240	-1.59176
3240.5	-1.45521
3241	-1.18843
3241.5	-0.764962
3242	-0.293793
3242.5	0.244381
3243	0.795148
3243.5	1.35034
3244	1.8572
3244.5	2.3205
3245	2.72809
3245.5	2.99923
3246	3.20776
3246.5	3.29565
3247	3.28479
3247.5	3.21138
3248	2.99882
3248.5	2.7559
3249	2.46837
3249.5	2.16956
3250	1.88038
3250.5	1.64387
3251	1.47892
3251.5	1.36481
3252	1.4266
3252.5	1.55134
3253	1.77599
3253.5	2.06711
3254	2.37457
3254.5	2.6598
3255	2.86356
3255.5	3.00092
3256	2.92979
3256.5	2.75171
3257	2.38779
3257.5	1.88849
3258	1.32921
3258.5	0.69858
3259	0.094759
3259.5	-0.484036
3260	-0.929386
3260.5	-1.30201
3261	-1.53803
3261.5	-1.5964
3262	-1.55926
3262.5	-1.33828
3263	-1.04033
3263.5	-0.660105
3264	-0.213352
3264.5	0.219125
3265	0.587518
3265.5	0.792174
3266	0.887998
3266.5	0.554087
3267	0.0324402
3267.5	-0.719099
3268	-1.70033
3268.5	-2.72156
3269	-3.73368
3269.5	-4.54157
3270	-5.21842
3270.5	-5.42982
3271	-5.43116
3271.5	-5.13724
3272	-4.61793
3272.5	-4.03748
3273	-3.42583
3273.5	-2.87548
3274	-2.36676
3274.5	-1.96706
3275	-1.58306
3275.5	-1.22246
3276	-0.888963
3276.5	-0.595982
3277	-0.464345
3277.5	-0.555553
3278	-0.820717
3278.5	-1.61504
3279	-2.64671
3279.5	-4.07605
3280	-5.68153
3280.5	-7.32972
3281	-8.8575
3281.5	-10.1129
3282	-11.1247
3282.5	-11.5887
3283	-11.8868
3283.5	-11.9258
3284	-11.9088
3284.5	-11.8916
3285	-12.0784
3285.5	-12.4002
3286	-12.8604
3286.5	-13.453
3287	-14.029
3287.5	-14.519
3288	-14.7654
3288.5	-14.8619
3289	-14.5132
3289.5	-13.9215
3290	-13.0447
3290.5	-11.7379
3291	-10.2757
3291.5	-8.56466
3292	-6.74049
3292.5	-4.85489
3293	-3.03407
3293.5	-1.36494
3294	0.100103
3294.5	1.09628
3295	1.83963
3295.5	2.02957
3296	1.78387
3296.5	1.2551
3297	0.363948
3297.5	-0.544625
3298	-1.47985
3298.5	-2.18822
3299	-2.74668
3299.5	-2.90134
3300	-2.80754
3300.5	-2.52803
3301	-1.98077
3301.5	-1.41017
3302	-0.814983
3302.5	-0.355812
3303	0.022562
3303.5	0.189332
3304	0.253885
3304.5	0.230853
3305	0.192745
3305.5	0.21113
3306	0.349119
3306.5	0.670033
3307	1.08495
3307.5	1.67696
3308	2.25988
3308.5	2.83389
3309	3.1587
3309.5	3.33086
3310	3.20035
3310.5	2.77775
3311	2.20023
3311.5	1.38217
3312	0.592733
3312.5	-0.164564
3313	-0.698509
3313.5	-1.11525
3314	-1.29522
3314.5	-1.32176
3315	-1.26567
3315.5	-1.20495
3316	-1.19801
3316.5	-1.26033
3317	-1.43689
3317.5	-1.64347
3318	-1.87333
3318.5	-2.03084
3319	-2.1417
3319.5	-2.08649
3320	-1.98727
3320.5	-1.82292
3321	-1.69417
3321.5	-1.608
3322	-1.665
3322.5	-1.82314
3323	-2.05361
3323.5	-2.33472
3324	-2.55827
3324.5	-2.68153
3325	-2.53957
3325.5	-2.2621
3326	-1.69801
3326.5	-1.01906
3327	-0.24581
3327.5	0.517673
3328	1.18346
3328.5	1.65708
3329	1.85717
3329.5	1.91334
3330	1.66623
3330.5	1.30696
3331	0.842229
3331.5	0.335143
3332	-0.145876
3332.5	-0.556815
3333	-0.871058
3333.5	-1.13312
3334	-1.29459
3334.5	-1.43089
3335	-1.5401
3335.5	-1.64132
3336	-1.73591
3336.5	-1.81549
3337	-1.84244
3337.5	-1.83415
3338	-1.68274
3338.5	-1.44068
3339	-1.0868
3339.5	-0.563714
3340	0.0118113
3340.5	0.654142
3341	1.27566
3341.5	1.8818
3342	2.34545
3342.5	2.71729
3343	2.95916
3343.5	3.01936
3344	3.00981
3344.5	2.89508
3345	2.75553
3345.5	2.59901
3346	2.47315
3346.5	2.37241
3347	2.31194
3347.5	2.28666
3348	2.27004
3348.5	2.24508
3349	2.18933
3349.5	2.10935
3350	1.95838
3350.5	1.7836
3351	1.57047
3351.5	1.35568
3352	1.14938
3352.5	1.00228
3353	0.919055
3353.5	0.893386
3354	1.00066
3354.5	1.15909
3355	1.40434
3355.5	1.6939
3356	1.99736
3356.5	2.25928
3357	2.45495
3357.5	2.5823
3358	2.54404
3358.5	2.43283
3359	2.18824
3359.5	1.85664
3360	1.481
3360.5	1.08283
3361	0.714186
3361.5	0.380452
3362	0.132304
3362.5	-0.0798473
3363	-0.227003
3363.5	-0.348643
3364	-0.455938
3364.5	-0.566668
3365	-0.677513
3365.5	-0.788514
3366	-0.85703
3366.5	-0.890924
3367	-0.830823
3367.5	-0.675367
3368	-0.4575
3368.5	-0.108561
3369	0.247682
3369.5	0.614797
3370	0.867373
3370.5	1.0412
3371	0.99608
3371.5	0.77538
3372	0.422542
3372.5	-0.171678
3373	-0.814795
3373.5	-1.52964
3374	-2.18091
3374.5	-2.77686
3375	-3.16909
3375.5	-3.39738
3376	-3.48419
3376.5	-3.28886
3377	-2.99138
3377.5	-2.52446
3378	-1.93238
3378.5	-1.27989
3379	-0.539055
3379.5	0.210438
3380	0.968466
3380.5	1.67479
3381	2.33708
3381.5	2.90593
3382	3.33702
3382.5	3.68502
3383	3.80151
3383.5	3.79766
3384	3.65767
3384.5	3.32996
3385	2.95152
3385.5	2.5126
3386	2.10315
3386.5	1.71585
3387	1.4698
3387.5	1.30848
3388	1.25706
3388.5	1.34872
3389	1.49002
3389.5	1.70156
3390	1.88991
3390.5	2.06257
3391	2.09519
3391.5	2.05366
3392	1.90165
3392.5	1.62111
3393	1.29229
3393.5	0.898265
3394	0.523603
3394.5	0.162887
3395	-0.0582561
3395.5	-0.189775
3396	-0.173512
3396.5	0.0142641
3397	0.280092
3397.5	0.678482
3398	1.10658
3398.5	1.55927
3399	1.95672
3399.5	2.2995
3400	2.54021
3400.5	2.62953
3401	2.63603
3401.5	2.4525
3402	2.17456
3402.5	1.80727
3403	1.36078
3403.5	0.90617
3404	0.451661
3404.5	0.0541573
3405	-0.305443
3405.5	-0.531048
3406	-0.667349
3406.5	-0.706847
3407	-0.573174
3407.5	-0.364896
3408	-0.0204172
3408.5	0.431683
3409	0.944513
3409.5	1.55054
3410	2.17418
3410.5	2.8197
3411	3.44136
3411.5	4.03376
3412	4.54465
3412.5	4.93717
3413	5.25386
3413.5	5.31199
3414	5.24387
3414.5	4.99575
3415	4.50964
3415.5	3.92669
3416	3.18509
3416.5	2.43789
3417	1.68683
3417.5	1.11218
3418	0.663699
3418.5	0.418123
3419	0.462387
3419.5	0.641551
3420	1.06963
3420.5	1.5598
3421	2.09914
3421.5	2.52262
3422	2.83216
3422.5	2.93629
3423	2.73999
3423.5	2.40067
3424	1.82094
3424.5	1.21419
3425	0.582939
3425.5	0.12439
3426	-0.209459
3426.5	-0.301167
3427	-0.128725
3427.5	0.179646
3428	0.719177
3428.5	1.28291
3429	1.87176
3429.5	2.32175
3430	2.67505
3430.5	2.82375
3431	2.77199
3431.5	2.60973
3432	2.27261
3432.5	1.91341
3433	1.52794
3433.5	1.17589
3434	0.843046
3434.5	0.551685
3435	0.268854
3435.5	-0.0102386
3436	-0.325003
3436.5	-0.658439
3437	-1.01734
3437.5	-1.36308
3438	-1.67949
3438.5	-1.8962
3439	-1.97204
3439.5	-1.95503
3440	-1.65613
3440.5	-1.26676
3441	-0.73717
3441.5	-0.153629
3442	0.428902
3442.5	0.93637
3443	1.3322
3443.5	1.64338
3444	1.76088
3444.5	1.83238
3445	1.83434
3445.5	1.86343
3446	1.92414
3446.5	2.12114
3447	2.42325
3447.5	2.81669
3448	3.32494
3448.5	3.83035
3449	4.31112
3449.5	4.6334
3450	4.8528
3450.5	4.74515
3451	4.43419
3451.5	3.92093
3452	3.1473
3452.5	2.31014
3453	1.39186
3453.5	0.531964
3454	-0.281935
3454.5	-0.862614
3455	-1.28078
3455.5	-1.51379
3456	-1.43443
3456.5	-1.22601
3457	-0.786778
3457.5	-0.211157
3458	0.44252
3458.5	1.18454
3459	1.91481
3459.5	2.62976
3460	3.23543
3460.5	3.7714
3461	4.14166
3461.5	4.35338
3462	4.4634
3462.5	4.31219
3463	4.06812
3463.5	3.68474
3464	3.18919
3464.5	2.655
3465	2.08012
3465.5	1.52521
3466	0.98479
3466.5	0.536715
3467	0.136456
3467.5	-0.185366
3468	-0.412242
3468.5	-0.592214
3469	-0.678502
3469.5	-0.714408
3470	-0.708412
3470.5	-0.630176
3471	-0.526731
3471.5	-0.381935
3472	-0.208703
3472.5	-0.0246143
3473	0.16048
3473.5	0.318469
3474	0.450622
3474.5	0.481007
3475	0.453283
3475.5	0.3141
3476	0.0563259
3476.5	-0.266019
3477	-0.713826
3477.5	-1.18877
3478	-1.69333
3478.5	-2.14876
3479	-2.5514
3479.5	-2.82733
3480	-2.94057
3480.5	-2.95545
3481	-2.7142
3481.5	-2.3694
3482	-1.89507
3482.5	-1.29646
3483	-0.664851
3483.5	-0.00342178
3484	0.615741
3484.5	1.20682
3485	1.65324
3485.5	2.02308
3486	2.28298
3486.5	2.39456
3487	2.43983
3487.5	2.36281
3488	2.22335
3488.5	2.04049
3489	1.79824
3489.5	1.5453
3490	1.27642
3490.5	1.00619
3491	0.738322
3491.5	0.484938
3492	0.253696
3492.5	0.0401068
3493	-0.106302
3493.5	-0.21279
3494	-0.24951
3494.5	-0.187232
3495	-0.0714989
3495.5	0.16571
3496	0.459683
3496.5	0.805468
3497	1.18844
3497.5	1.55885
3498	1.8937
3498.5	2.12949
3499	2.30431
3499.5	2.30032
3500	2.19929
