#Imported=	18.03.2022 10:52:13
#Data Range:Extract=	18.03.2022 10:52:28
#Base:Fit=	18.03.2022 10:52:49
#Base:Edit=	18.03.2022 10:53:17
#Base:Sub=	18.03.2022 10:53:59
148.817	26.9106
153.417	46.9688
158.014	18.6105
162.607	-6.79891
167.2	106.952
171.79	659.694
176.379	1593.51
180.963	1181.95
185.547	483.09
190.128	317.994
194.705	715.002
199.282	2843.32
203.857	5553.45
208.43	3421
212.998	1116.86
217.566	362.173
222.132	140.011
226.693	120.302
231.254	161.895
235.813	86.7437
240.368	49.5902
244.923	169.27
249.475	305.586
254.023	460.849
258.571	870.986
263.117	1165.78
267.658	1025.22
272.199	719.826
276.738	468.96
281.273	462.541
285.807	1011.43
290.34	2646.55
294.868	4494.51
299.396	3437.1
303.919	1675.43
308.443	1074.98
312.964	1374.46
317.481	2379.05
321.998	2275.57
326.51	1236.74
331.023	625.824
335.533	573.103
340.039	844.365
344.544	1250.55
349.046	1056.89
353.547	529.285
358.045	399.335
362.542	555.799
367.036	620.491
371.527	376.962
376.017	213.65
380.503	148.95
384.99	222.824
389.471	179.529
393.953	214.292
398.43	408.607
402.908	751.66
407.381	912.512
411.854	857.434
416.323	719.488
420.791	449.901
425.256	367.72
429.72	677.081
434.18	844.162
438.64	469.223
443.095	112.075
447.551	47.7171
452.003	-4.28165
456.454	37.8947
460.901	154.843
465.348	575.896
469.791	1463.68
474.231	1428.83
478.672	679.243
483.108	297.537
487.544	108.442
491.976	81.5341
496.408	157.909
500.836	256.302
505.261	338.464
509.687	492.334
514.108	500.166
518.529	418.79
522.946	352.571
527.361	198.202
531.776	131.013
536.187	161.844
540.595	155.714
545.003	139.101
549.408	225.59
553.812	262.055
558.212	255.592
562.61	245.841
567.007	280.386
571.401	279.103
575.792	296.75
580.184	282.713
584.571	196.334
588.956	131.671
593.341	170.932
597.722	453.501
602.101	1205.84
606.48	1586.78
610.854	937.542
615.227	585.995
619.597	550.593
623.967	929.171
628.334	1180.21
632.698	830.377
637.06	372.53
641.422	172.581
645.779	102.342
650.135	105.89
654.491	243.778
658.842	241.241
663.192	154.135
667.539	124.142
671.884	139.763
676.23	245.3
680.571	341.681
684.91	426.245
689.247	482.117
693.583	542.157
697.916	488.085
702.247	245.59
706.576	131.82
710.902	67.8884
715.229	9.69484
719.551	-18.6425
723.872	-18.6109
728.19	-14.0502
732.506	-20.7596
736.82	-8.41374
741.134	-31.1044
745.444	0.183655
749.752	7.32209
754.058	24.363
758.362	44.3774
762.664	82.2223
766.964	101.724
771.264	176.762
775.559	237.4
779.853	390.887
784.144	709.686
788.434	1287.19
792.722	1899.6
797.007	1820.97
801.29	1202.5
805.572	677.901
809.851	391.883
814.13	262.065
818.406	143.191
822.679	107.584
826.95	88.0148
831.219	34.4748
835.486	43.5611
839.752	59.5607
844.015	23.1436
848.276	42.7428
852.535	41.1083
856.792	26.7012
861.047	-1.09466
865.3	20.2799
869.551	-3.26426
873.8	15.54
878.047	5.19761
882.292	0.952637
886.534	2.27404
890.775	8.65292
895.014	-9.86087
899.251	-16.1677
903.486	13.6603
907.719	7.26806
911.95	4.07136
916.179	49.4882
920.406	13.7116
924.63	5.58663
928.853	3.73527
933.074	28.4465
937.293	21.5555
941.51	64.7711
945.723	85.5974
949.936	89.2785
954.147	143.88
958.356	212.187
962.563	292.219
966.768	367.719
970.971	320.353
975.172	350.304
979.371	445.278
983.568	521.444
987.761	410.962
991.954	303.042
996.145	214.748
1000.33	165.942
1004.52	154.982
1008.71	103.232
1012.89	122.443
1017.07	130.296
1021.25	119.348
1025.43	139.733
1029.6	158.808
1033.77	159.859
1037.95	186.466
1042.11	238.912
1046.28	272.362
1050.45	385.843
1054.61	520.34
1058.77	838.566
1062.93	1510.13
1067.09	2483.12
1071.24	2394.22
1075.4	1641.48
1079.55	1050.85
1083.7	705.761
1087.85	638.308
1091.99	811.358
1096.14	1128.52
1100.28	1747.26
1104.42	2397.09
1108.55	2282.78
1112.69	1880.02
1116.82	1645.56
1120.96	1690.21
1125.09	2044.69
1129.21	2051.9
1133.34	1791.25
1137.46	1618.2
1141.59	1763.36
1145.71	1868.05
1149.83	1810.88
1153.94	1487.11
1158.06	1068.94
1162.17	957.682
1166.28	1100.52
1170.39	1463.01
1174.5	1601.83
1178.6	1295.22
1182.7	909.91
1186.8	724.6
1190.9	503.074
1195	368.139
1199.1	359.39
1203.19	323.337
1207.28	303.364
1211.37	328.98
1215.46	352.459
1219.54	273.016
1223.63	225.39
1227.71	205.988
1231.79	279.235
1235.87	391.825
1239.95	400.526
1244.02	398.811
1248.09	436.834
1252.16	603.494
1256.23	689.937
1260.3	548.285
1264.36	386.339
1268.43	198.779
1272.49	165.623
1276.55	136.533
1280.6	136.052
1284.66	90.8757
1288.71	76.3053
1292.76	83.6803
1296.81	71.7047
1300.86	64.6965
1304.91	75.5949
1308.95	88.4549
1312.99	99.1735
1317.03	69.0546
1321.07	68.9002
1325.11	73.9955
1329.14	90.4526
1333.18	69.7602
1337.21	61.3806
1341.24	45.0187
1345.26	72.6268
1349.29	81.9774
1353.31	44.5169
1357.33	32.9793
1361.35	53.3944
1365.37	17.5224
1369.39	52.3463
1373.4	42.5832
1377.41	43.418
1381.43	36.3865
1385.43	61.1684
1389.44	22.9481
1393.45	36.1587
1397.45	46.6515
1401.45	43.7613
1405.45	27.9852
1409.45	50.9591
1413.44	23.8533
1417.44	31.1594
1421.43	64.7558
1425.42	30.0354
1429.41	19.0041
1433.39	31.7871
1437.38	42.3031
1441.36	29.9676
1445.34	28.2462
1449.32	26.8281
1453.3	18.8352
1457.27	30.2517
1461.24	8.19357
1465.22	29.5325
1469.19	21.2679
1473.15	14.3499
1477.12	40.526
1481.09	25.7974
1485.05	20.9054
1489.01	18.2977
1492.97	27.8685
1496.93	23.9606
1500.88	28.2184
1504.83	16.5155
1508.79	28.7029
1512.74	22.347
1516.68	24.4847
1520.63	24.1826
1524.57	12.5313
1528.52	33.8452
1532.46	9.98085
1536.4	31.996
1540.33	22.0488
1544.27	23.239
1548.2	40.6599
1552.14	32.5992
1556.07	20.3002
1559.99	43.48
1563.92	18.8372
1567.84	21.2211
1571.77	27.1894
1575.69	55.7365
1579.61	1.66019
1583.52	32.5217
1587.44	9.59962
1591.35	33.0483
1595.27	4.13954
1599.18	46.2235
1603.09	16.1262
1606.99	45.6077
1610.9	43.7576
1614.8	24.8404
1618.7	51.0638
1622.6	26.1389
1626.5	24.9077
1630.39	56.0584
1634.29	29.8345
1638.18	10.5675
1642.07	2.14222
1645.96	31.3376
1649.85	20.0957
1653.73	28.2557
1657.62	37.4832
1661.5	18.8485
1665.38	28.8206
1669.26	20.2194
1673.13	28.4331
1677.01	18.1023
1680.88	12.0594
1684.75	29.3732
1688.62	34.0007
1692.49	10.156
1696.35	24.1731
1700.22	29.0869
1704.08	18.8155
1707.94	12.9358
1711.8	30.0839
1715.66	31.9817
1719.51	-0.894684
1723.37	23.0436
1727.22	29.7617
1731.07	17.4186
1734.92	42.7412
1738.76	39.3356
1742.61	-12.3683
1746.45	21.6786
1750.29	15.0072
1754.13	18.7336
1757.97	19.7497
1761.81	16.9515
1765.64	-0.0917816
1769.47	15.9306
1773.31	0.658646
1777.14	27.0075
1780.96	10.0362
1784.79	27.1265
1788.61	16.2506
1792.43	14.3474
1796.25	16.4959
1800.07	20.0782
1803.89	9.64014
1807.71	34.9678
1811.52	19.3363
1815.33	29.9294
1819.14	30.0223
1822.95	31.7689
1826.76	22.7201
1830.56	14.4092
1834.37	6.58081
1838.17	31.8892
1841.97	27.1483
1845.77	16.136
1849.56	24.0635
1853.36	6.24165
1857.15	12.0865
1860.94	25.118
1864.73	38.5751
1868.52	16.448
1872.31	28.2364
1876.09	20.0756
1879.87	-13.4406
1883.66	7.03383
1887.43	7.57095
1891.21	14.8377
1894.99	8.86004
1898.76	29.0081
1902.53	24.8727
1906.31	17.2219
1910.08	16.9838
1913.84	20.2933
1917.61	14.2914
1921.37	33.002
1925.14	23.0413
1928.9	42.1122
1932.66	28.5306
1936.41	9.3457
1940.17	-0.589691
1943.92	19.8035
1947.68	6.59325
1951.43	13.3256
1955.18	24.5594
1958.92	24.2799
1962.67	13.6008
1966.41	10.5853
1970.16	-3.14363
1973.9	45.2519
1977.64	13.184
1981.37	8.97462
1985.11	15.2158
1988.84	28.4454
1992.57	25.7735
1996.31	-8.89088
2000.03	22.1072
2003.76	4.16581
2007.49	16.0729
2011.21	-12.2196
2014.93	1.36443
2018.65	18.6359
2022.37	15.7538
2026.09	14.4472
2029.81	11.393
2033.52	-17.9927
2037.23	-0.223038
2040.94	18.6641
2044.65	23.6266
2048.36	27.1616
2052.07	13.554
2055.77	-8.25128
2059.47	17.0979
2063.17	12.9194
2066.87	32.5274
2070.57	0.345726
2074.27	24.5914
2077.96	16.7665
2081.65	19.1669
2085.34	-3.44127
2089.03	8.59188
2092.72	12.9024
2096.41	27.6063
2100.09	25.5634
2103.77	31.8419
2107.46	12.7118
2111.14	20.8699
2114.81	7.70037
2118.49	24.4952
2122.16	38.5562
2125.84	-0.31337
2129.51	22.0243
2133.18	15.6233
2136.85	12.0545
2140.51	18.798
2144.18	15.6238
2147.84	12.4408
2151.5	-1.88286
2155.16	6.77771
2158.82	-1.22446
2162.48	29.7386
2166.13	31.0319
2169.79	20.6395
2173.44	25.3102
2177.09	23.5912
2180.74	14.9744
2184.38	8.64478
2188.03	38.9224
2191.67	8.07924
2195.32	39.5713
2198.96	21.5105
2202.6	25.132
2206.23	7.19649
2209.87	39.2103
2213.5	27.3282
2217.14	27.2054
2220.77	60.2096
2224.4	26.5731
2228.03	21.0557
2231.65	64.5554
2235.28	34.3643
2238.9	47.5013
2242.52	55.5665
2246.14	34.1338
2249.76	31.9632
2253.38	57.8488
2256.99	57.5384
2260.6	44.9002
2264.21	47.665
2267.82	16.893
2271.44	29.6052
2275.04	22.3923
2278.65	41.5806
2282.25	54.102
2285.85	33.3534
2289.45	48.516
2293.05	41.0406
2296.65	38.2653
2300.25	30.847
2303.84	43.2108
2307.43	57.1827
2311.02	28.8626
2314.62	30.4217
2318.2	44.6896
2321.79	8.57073
2325.38	28.5149
2328.96	21.446
2332.54	14.8602
2336.12	26.6594
2339.7	28.0476
2343.28	12.4479
2346.85	34.3782
2350.43	18.8515
2354	31.5028
2357.57	33.4141
2361.14	34.0424
2364.71	34.6198
2368.27	20.6631
2371.84	16.6364
2375.4	45.0107
2378.96	17.471
2382.52	23.7043
2386.08	9.57358
2389.64	14.4578
2393.19	22.819
2396.75	12.8813
2400.3	15.0664
2403.85	19.3076
2407.4	13.9197
2410.95	9.62475
2414.49	23.3757
2418.04	4.83875
2421.58	16.3256
2425.12	-0.689484
2428.66	7.20834
2432.2	27.8041
2435.74	1.74087
2439.27	9.49748
2442.81	21.9201
2446.34	40.8016
2449.87	25.5081
2453.4	35.8365
2456.93	31.0408
2460.45	31.593
2463.98	24.6892
2467.5	49.1392
2471.02	26.4742
2474.54	23.6671
2478.06	21.948
2481.58	35.3127
2485.09	30.7063
2488.61	14.6679
2492.12	15.2663
2495.63	2.99766
2499.14	21.3089
2502.65	23.3701
2506.15	30.4461
2509.66	37.426
2513.16	1.95582
2516.66	47.8875
2520.16	24.9621
2523.66	8.78959
2527.16	4.74696
2530.66	13.5892
2534.15	2.27232
2537.64	12.4953
2541.13	27.9732
2544.62	2.0359
2548.11	12.0205
2551.6	20.06
2555.08	19.1673
2558.57	34.2756
2562.05	14.8246
2565.53	11.4016
2569.01	8.42537
2572.49	7.54104
2575.96	5.88251
2579.44	23.5199
2582.91	10.5861
2586.38	12.4722
2589.85	8.56708
2593.32	32.9959
2596.79	39.0755
2600.25	23.8049
2603.72	32.1442
2607.18	53.9083
2610.64	29.2153
2614.1	69.6961
2617.56	21.0228
2621.02	38.0753
2624.47	38.7136
2627.92	8.72274
2631.38	33.1438
2634.83	38.8026
2638.28	29.2952
2641.72	20.0906
2645.17	30.1399
2648.61	16.473
2652.06	22.794
2655.5	14.9577
2658.94	25.4673
2662.38	36.6087
2665.82	33.7849
2669.25	16.3659
2672.69	16.7528
2676.12	22.3174
2679.55	23.6598
2682.98	33.1291
2686.41	17.9782
2689.84	14.616
2693.26	16.6927
2696.69	15.2802
2700.11	-10.9645
2703.53	14.9305
2706.95	31.1374
2710.37	0.515083
2713.79	19.8976
2717.2	28.7608
2720.62	5.05186
2724.03	9.5167
2727.44	17.0393
2730.85	19.6937
2734.26	32.73
2737.66	36.2689
2741.07	23.0077
2744.47	46.9743
2747.87	11.9956
2751.28	20.8507
2754.67	35.5836
2758.07	36.8693
2761.47	36.3447
2764.86	21.9619
2768.26	26.332
2771.65	22.9607
2775.04	46.3802
2778.43	41.2435
2781.82	43.2516
2785.2	14.0974
2788.59	42.003
2791.97	17.8894
2795.35	-0.00952911
2798.73	19.8593
2802.11	8.13797
2805.49	22.1184
2808.87	24.0925
2812.24	18.8604
2815.62	3.51703
2818.99	15.9284
2822.36	15.7876
2825.73	21.0604
2829.1	5.36706
2832.46	21.0484
2835.83	27.0745
2839.19	28.9074
2842.55	9.78796
2845.91	21.3483
2849.27	20.5493
2852.63	-0.90287
2855.99	-2.51535
2859.34	35.3069
2862.69	9.37287
2866.05	-0.397423
2869.4	17.059
2872.75	14.5502
2876.09	9.26402
2879.44	27.2736
2882.78	18.8519
2886.13	9.87994
2889.47	32.7537
2892.81	36.9881
2896.15	23.2273
2899.49	17.6852
2902.82	11.3877
2906.16	30.187
2909.49	21.534
2912.82	8.70069
2916.16	27.0991
2919.49	36.1291
2922.81	38.8289
2926.14	27.5814
2929.46	28.4296
2932.79	31.2894
2936.11	8.13297
2939.43	8.4922
2942.75	4.85811
2946.07	10.7717
2949.39	32.009
2952.7	-3.65906
2956.02	32.2876
2959.33	42.7529
2962.64	14.6449
2965.95	2.83952
2969.26	26.9158
2972.57	11.2988
2975.87	25.2325
2979.17	43.5348
2982.48	25.0468
2985.78	-10.6768
2989.08	9.08872
2992.38	20.6817
2995.68	15.1893
2998.97	-0.559456
3002.27	30.8264
3005.56	12.127
3008.85	26.2482
3012.14	2.50706
3015.43	12.5736
3018.72	38.6687
3022	14.5365
3025.29	9.83286
3028.57	30.4689
3031.85	22.8156
3035.14	23.0719
3038.41	15.6908
3041.69	13.3554
3044.97	25.3326
3048.24	14.0804
3051.52	9.73476
3054.79	19.3528
3058.06	-0.761505
3061.33	22.8078
3064.6	31.4317
3067.87	22.3901
3071.13	37.2303
3074.4	7.36597
3077.66	30.8453
3080.92	-10.1117
3084.18	-1.52921
3087.44	-0.154083
3090.7	5.83263
3093.95	39.087
3097.21	19.8439
3100.46	18.6694
3103.71	34.3896
3106.96	3.37326
3110.21	8.04054
3113.46	27.0494
3116.71	17.5368
3119.95	28.1079
3123.2	15.5735
3126.44	41.5998
3129.68	22.7715
3132.92	18.3819
3136.16	29.6008
3139.4	12.7593
3142.63	8.86249
3145.87	37.6641
3149.1	7.13736
3152.33	25.4622
3155.56	27.7456
3158.79	11.0905
3162.02	32.841
3165.25	22.016
3168.47	10.7287
3171.69	18.8119
3174.92	28.2636
3178.14	32.119
3181.36	21.6068
3184.58	27.9583
3187.79	-9.42966
3191.01	11.1758
3194.22	26.679
3197.43	5.80271
3200.65	-1.86716
3203.86	31.9796
3207.07	28.0159
3210.27	45.9879
3213.48	46.8133
3216.69	14.3583
3219.89	27.5829
3223.09	17.575
3226.29	12.5866
3229.49	34.3848
3232.69	25.5266
3235.89	32.5809
3239.08	51.8578
3242.28	39.8451
3245.47	32.3521
3248.66	20.3897
3251.85	39.3758
3255.04	25.7004
3258.23	21.7885
3261.42	49.9992
3264.6	13.7046
3267.79	26.9903
3270.97	37.1888
3274.15	17.3798
3277.33	34.9343
3280.51	43.3953
3283.68	26.3991
3286.86	37.8833
3290.04	49.0879
3293.21	21.4483
3296.38	37.2133
3299.55	41.6688
3302.72	29.0108
3305.89	44.9634
3309.06	35.2685
3312.22	16.5754
3315.39	68.9037
3318.55	64.3816
3321.71	50.8692
3324.87	68.1473
3328.03	56.485
3331.19	56.0722
3334.34	53.5252
3337.5	76.2206
3340.65	61.5578
3343.81	59.3233
3346.96	58.3526
3350.11	47.9695
3353.25	88.9612
3356.4	86.9523
3359.55	71.694
3362.69	74.9265
3365.84	84.6504
3368.98	52.1841
3372.12	84.6804
3375.26	62.4024
3378.4	76.9299
3381.53	61.5723
3384.67	66.2792
3387.8	88.1978
3390.94	84.5419
3394.07	132.008
3397.2	124.276
3400.33	185.144
3403.46	178.485
3406.58	203.008
3409.71	225.162
3412.83	315.392
3415.96	398.911
3419.08	555.531
3422.2	963.016
3425.32	1852.06
3428.44	4266.74
3431.55	7873.22
3434.67	9250.38
3437.78	6126.55
3440.89	2822.16
3444	1279.21
3447.12	749.544
3450.22	478.717
3453.33	335.727
3456.44	288.01
3459.54	209.899
3462.65	193.161
3465.75	151.453
3468.85	171.108
3471.95	153.255
3475.05	131.575
3478.15	151.991
3481.24	141.362
3484.34	197.392
3487.43	190.972
3490.53	218.604
3493.62	290.448
3496.71	346.967
3499.79	442.604
3502.88	603.981
3505.97	807.958
3509.05	1131.87
3512.14	1518.17
3515.22	1722.98
3518.3	1677.66
3521.38	1392.85
3524.46	1012.86
3527.54	750.342
3530.61	550.741
3533.69	429.391
3536.76	307.338
3539.83	235.432
3542.9	189.724
3545.97	168.444
3549.04	159.606
3552.11	111.653
3555.18	107.233
3558.24	102.508
3561.3	77.6922
3564.37	72.4517
3567.43	68.8276
3570.49	70.2009
3573.55	45.0865
3576.61	63.6435
3579.66	60.165
3582.72	21.8378
3585.77	39.4482
3588.82	50.582
3591.87	60.2483
3594.92	60.058
3597.97	48.8793
3601.02	29.3661
3604.07	39.6935
3607.11	52.9066
3610.16	22.1982
3613.2	28.7286
3616.24	10.4056
3619.28	10.4613
3622.32	20.3667
3625.36	17.6618
3628.39	8.35284
3631.43	38.8605
3634.46	28.6051
3637.5	16.8414
3640.53	13.5548
3643.56	12.102
3646.59	9.51713
3649.62	26.0072
3652.64	22.9334
3655.67	8.40649
3658.69	8.56975
3661.72	16.7979
3664.74	21.2593
3667.76	12.7969
3670.78	17.3726
3673.79	17.5916
3676.81	8.25974
3679.83	35.9061
3682.84	5.82893
3685.86	30.4489
3688.87	10.9454
3691.88	16.4683
3694.89	18.9486
3697.9	3.57944
3700.91	8.32475
3703.91	-1.40533
3706.92	17.0571
3709.92	15.8312
3712.92	21.961
3715.92	10.4395
3718.92	8.69167
3721.92	19.5706
3724.92	13.4064
3727.92	15.0451
3730.91	15.1127
3733.91	26.6062
3736.9	-9.01327
3739.89	20.9713
3742.88	15.4329
3745.87	14.5066
3748.86	16.2915
3751.85	5.07362
3754.83	-14.812
3757.82	-1.16538
3760.8	15.1736
3763.78	-1.26604
3766.76	23.4548
3769.74	0.763046
3772.72	1.79188
3775.7	-11.9387
3778.67	3.91628
3781.65	0.891052
3784.62	8.13345
3787.6	-0.163216
3790.57	-0.724167
3793.54	-3.80222
3796.51	4.8827
3799.47	6.03146
3802.44	21.4025
3805.41	16.4196
3808.37	-0.807304
3811.33	-16.128
3814.3	-2.67509
3817.26	0.17691
3820.22	-4.91767
3823.18	3.53022
3826.13	-0.229622
3829.09	16.1504
3832.04	13.0758
3835	-6.33076
3837.95	11.3882
3840.9	13.3589
3843.85	2.89257
3846.8	5.93121
3849.75	9.97289
3852.69	8.56032
3855.64	10.7383
3858.58	19.8672
3861.53	10.4037
3864.47	9.86125
3867.41	25.3192
3870.35	16.6428
3873.29	17.7699
3876.22	9.23017
3879.16	13.0987
3882.1	8.4791
3885.03	17.1728
3887.96	11.8985
3890.89	11.2493
3893.82	18.0601
3896.75	8.27117
3899.68	8.40852
3902.61	22.7072
3905.53	2.79173
3908.46	10.4054
3911.38	35.332
3914.3	27.9023
3917.23	4.61312
3920.15	21.65
3923.06	-3.07688
3925.98	27.303
3928.9	12.616
3931.81	20.4314
3934.73	2.77687
3937.64	20.3289
3940.55	-0.377632
3943.46	20.2644
3946.37	15.1281
3949.28	1.35952
3952.19	33.2688
3955.09	30.694
3958	-2.25575
3960.9	12.0946
3963.8	38.4861
3966.71	-14.6746
3969.61	-5.46862
3972.51	25.8322
3975.4	16.3834
3978.3	25.0575
3981.2	4.89352
3984.09	5.35717
3986.99	10.3171
3989.88	38.8919
3992.77	32.007
3995.66	34.5124
3998.55	8.90124
4001.43	10.8942
